173, 40
190, 40
235, 37
301, 37
415, 37
516, 37
527, 40
636, 40
790, 37
855, 37
951, 40
1125, 37
1139, 37
1143, 40
1256, 40
1535, 40
1627, 37
1651, 40
1688, 40
1773, 36
1793, 40
1823, 37
1892, 40
1966, 36
2010, 40
2207, 40
2266, 37
2331, 37
2382, 36
2379, 40
2811, 36
2859, 37
2989, 36
3030, 37
3125, 37
3137, 36
3146, 37
3232, 37
3344, 37
3421, 37
3460, 40
3535, 36
3524, 40
3658, 37
3684, 36
3967, 36
3961, 40
4123, 37
4203, 39
4220, 40
4448, 36
4506, 37
4566, 37
4643, 40
4744, 37
5305, 37
5344, 39
5384, 36
5374, 39
5580, 36
5727, 36
5747, 40
5809, 36
5976, 40
6020, 39
6072, 38
6125, 36
6175, 37
6250, 39
6289, 36
6313, 39
6374, 40
6423, 39
6480, 38
6713, 39
6751, 36
6764, 40
6772, 38
6806, 36
6840, 39
6885, 36
6943, 37
6936, 38
7512, 37
7893, 40
7898, 39
8098, 40
8315, 37
8351, 38
8356, 40
8465, 36
8496, 39
8549, 39
8601, 38
8648, 39
8709, 38
8736, 38
8900, 37
8957, 39
8994, 40
9137, 37
9163, 39
9262, 37
9362, 39
9770, 36
10028, 38
10078, 36
10121, 37
10152, 37
10294, 37
10292, 40
10334, 36
10476, 36
10547, 39
10681, 36
10688, 37
10862, 38
10869, 37
10962, 38
11014, 39
11020, 36
11065, 38
11302, 36
11314, 40
11382, 37
11470, 39
11528, 38
11559, 36
11776, 39
11854, 36
11883, 39
11959, 37
12013, 40
12047, 36
12048, 40
12221, 37
12256, 36
12396, 40
12472, 37
12519, 38
12540, 40
12615, 38
12691, 39
12740, 36
12737, 40
12930, 38
13060, 40
13051, 38
13164, 38
13198, 36
13209, 39
13232, 39
13290, 36
13301, 40
13347, 40
13462, 39
13562, 40
13566, 39
13620, 39
13631, 36
13654, 38
13667, 39
13777, 38
13819, 38
13930, 39
13934, 37
14041, 36
14070, 38
14087, 36
14131, 40
14164, 39
14194, 39
14356, 39
14374, 37
14438, 39
14600, 40
14835, 36
14935, 37
14956, 36
15146, 40
15411, 39
15454, 36
15457, 39
15570, 40
15590, 39
15674, 39
15744, 38
15781, 37
15800, 36
15865, 40
15898, 36
15930, 36
16000, 38
16005, 40
16100, 37
16241, 39
16229, 36
16270, 39
16401, 37
16425, 38
16421, 40
16487, 39
16537, 37
16652, 40
16672, 40
16722, 38
16757, 37
16867, 40
16879, 36
16895, 38
16931, 38
17006, 38
17009, 39
17155, 38
17162, 36
17181, 38
17260, 38
17289, 40
17361, 39
17488, 37
17529, 37
17639, 40
17839, 39
17860, 36
17933, 38
17959, 37
18051, 37
18077, 39
18247, 39
18454, 38
18669, 36
18689, 40
18783, 36
18856, 39
18927, 38
19045, 36
19061, 38
19338, 40
19519, 40
19622, 40
19657, 37
19691, 40
19974, 39
20026, 38
20027, 40
20064, 39
20140, 39
20158, 37
20293, 40
20358, 39
20398, 40
20410, 36
20398, 37
20456, 40
20481, 37
20549, 39
20595, 40
20606, 38
20613, 37
20627, 40
20669, 39
20734, 36
20740, 40
20857, 37
20871, 38
20859, 39
20925, 39
21010, 40
21033, 39
21105, 40
21111, 36
21207, 36
21355, 36
21353, 38
21655, 38
21756, 39
21917, 36
21967, 37
22015, 39
21998, 37
22307, 36
22578, 38
22671, 36
22843, 39
22902, 39
22990, 36
23132, 40
23280, 36
23374, 36
23371, 38
23362, 40
23550, 36
23663, 37
23661, 38
23711, 36
23722, 40
23780, 39
23836, 37
23888, 39
23961, 40
24047, 39
24159, 36
24188, 40
24229, 39
24302, 37
24314, 36
24371, 39
24477, 40
24667, 37
24674, 38
24727, 37
24747, 36
24774, 38
24871, 39
24916, 39
25028, 40
25035, 37
25114, 36
25366, 40
25382, 39
25596, 38
25730, 38
25776, 36
25823, 40
25888, 39
25895, 36
26006, 36
26564, 40
26587, 40
26614, 38
26782, 38
26856, 40
26888, 37
26929, 37
27233, 38
27369, 39
27483, 40
27530, 40
27609, 36
27726, 40
27833, 36
27935, 38
27947, 40
27975, 39
28145, 39
28165, 40
28168, 38
28162, 37
28276, 38
28436, 38
28477, 40
28539, 37
28542, 36
28536, 39
28873, 40
28942, 38
28979, 37
29068, 40
29105, 40
29160, 36
29227, 39
29270, 36
29466, 37
29476, 36
29682, 36
29792, 38
29878, 37
29959, 38
30008, 38
30072, 39
30300, 38
30347, 40
30384, 37
30475, 36
30504, 36
30600, 37
30656, 38
30666, 36
30696, 36
30728, 37
30757, 39
30804, 40
31044, 38
31167, 40
31196, 40
31193, 36
31232, 36
31277, 37
31364, 39
31375, 36
31565, 37
31690, 38
31696, 36
31740, 36
31787, 40
31871, 37
31898, 38
31984, 37
32208, 36
32499, 40
32516, 39
32714, 39
32837, 37
32868, 39
32956, 38
33182, 40
33264, 39
33303, 39
33490, 39
33550, 38
33594, 40
33609, 37
33649, 37
33709, 36
33720, 38
33851, 40
34049, 36
34182, 37
34196, 39
34228, 36
34261, 37
34248, 38
34318, 39
34367, 40
34406, 36
34626, 39
34653, 36
34750, 38
34786, 36
34883, 40
34922, 36
34914, 40
34954, 37
34975, 37
35019, 39
35057, 37
35094, 36
35200, 37
35264, 36
35313, 39
35407, 40
35523, 39
35664, 36
35803, 37
36071, 39
36144, 40
36233, 36
36390, 37
36422, 37
36626, 40
36622, 37
36638, 38
36678, 38
36703, 40
36756, 36
36807, 40
36821, 39
36817, 37
36928, 36
37052, 36
37119, 38
37129, 36
37152, 37
37196, 38
37286, 40
37319, 40
37343, 39
37368, 38
37720, 38
37777, 37
37795, 37
37855, 38
37940, 37
37940, 39
37996, 36
38045, 40
38089, 39
38449, 40
38468, 36
38678, 37
38855, 40
38883, 40
38982, 40
39104, 36
39200, 38
39261, 38
39349, 37
39398, 36
39530, 40
39603, 37
39660, 38
39695, 38
40052, 39
40171, 40
40349, 37
40356, 38
40456, 36
40645, 39
40646, 40
40915, 38
41069, 38
41097, 37
41165, 39
41166, 40
41304, 36
41318, 38
41369, 39
41450, 38
41596, 37
41643, 39
41746, 38
41852, 38
41966, 38
41989, 39
42093, 40
42153, 40
42314, 39
42336, 38
42351, 39
42389, 36
42392, 39
42454, 37
42491, 36
42572, 36
42583, 37
42595, 39
42661, 36
42696, 36
42814, 38
42998, 39
43064, 37
43089, 37
43137, 37
43241, 40
43258, 37
43288, 39
43366, 37
43392, 38
43420, 36
43458, 39
43544, 38
43667, 37
43811, 36
44025, 40
44093, 37
44130, 39
44229, 36
44330, 39
44365, 37
44491, 36
44495, 40
44662, 37
44694, 38
44853, 40
44934, 36
44964, 39
45121, 40
45134, 39
45133, 36
45157, 37
45434, 38
45484, 40
45493, 39
45555, 39
45611, 40
45734, 38
45754, 36
45868, 40
45887, 36
45927, 40
46002, 37
46076, 39
46189, 36
46286, 37
46417, 38
46450, 38
46502, 36
46551, 38
46637, 38
46645, 40
46662, 39
46954, 40
46957, 37
47086, 37
47165, 38
47197, 37
47397, 40
47522, 36
47577, 40
47805, 36
47824, 40
47846, 40
47887, 39
47938, 36
47972, 40
48077, 38
48085, 37
48311, 39
48480, 39
48736, 36
49160, 38
49247, 36
49475, 39
49631, 36
49682, 36
49696, 40
49742, 39
49760, 38
49765, 36
49835, 39
50115, 39
50124, 40
50136, 38
50210, 36
50215, 40
50302, 40
50303, 39
50429, 38
50495, 37
50508, 36
50616, 37
50871, 36
50894, 39
50954, 38
50977, 37
51052, 38
51184, 37
51226, 40
51397, 39
51636, 37
51854, 38
51897, 39
51964, 36
52091, 40
52123, 38
52226, 38
52269, 37
52336, 36
52437, 37
52510, 36
52670, 37
52787, 36
53002, 36
53050, 38
53095, 39
53117, 38
53334, 38
53358, 37
53481, 38
53532, 37
53669, 37
53691, 40
53741, 38
53920, 36
53929, 40
54192, 39
54242, 38
54243, 40
54290, 40
54380, 36
54397, 37
54445, 38
54759, 39
54782, 36
54896, 36
55058, 37
55259, 37
55782, 38
55867, 39
55958, 39
55985, 37
56050, 38
56203, 39
56230, 36
56286, 38
56386, 38
56399, 36
56433, 39
56824, 39
56839, 36
56999, 39
57092, 39
57146, 38
57197, 39
57244, 39
57263, 36
57335, 40
57484, 38
57666, 38
57709, 39
57817, 40
57916, 40
58101, 39
58136, 37
58141, 40
58183, 36
58239, 37
58283, 36
58296, 39
58621, 36
58725, 37
58734, 36
58768, 37
58831, 38
58843, 40
58866, 39
58900, 37
58893, 40
58965, 36
59066, 40
59105, 38
59164, 36
59177, 39
59224, 40
59231, 39
59343, 36
59510, 40
59552, 36
59572, 38
59584, 37
59677, 38
59680, 40
59751, 37
59770, 36
59823, 38
59854, 37
59862, 36
59896, 39
60003, 36
60082, 39
60097, 36
60101, 37
60189, 36
60226, 40
60308, 36
60322, 37
60350, 36
60445, 39
60491, 37
60516, 38
60538, 36
60599, 38
60621, 40
60633, 37
60788, 38
60882, 37
60939, 36
61055, 37
61176, 37
61184, 39
61191, 38
61221, 39
61380, 38
61580, 39
61623, 37
61750, 38
61753, 36
61885, 40
62021, 37
62062, 37
62147, 39
62273, 40
62285, 36
62357, 40
62384, 37
62408, 40
62520, 37
62535, 39
62636, 39
62663, 39
62734, 36
62776, 40
62931, 36
63018, 40
63033, 36
63313, 39
63448, 39
63526, 38
63569, 38
63572, 39
63607, 37
63671, 37
63699, 40
63784, 38
63850, 39
63943, 40
64257, 40
64253, 38
64288, 40
64309, 36
64464, 40
64526, 36
64604, 40
64634, 38
64651, 40
64768, 37
64891, 39
64953, 36
65350, 38
65346, 39
65361, 37
65532, 40
65539, 39
65542, 37
65577, 38
65611, 38
65932, 37
65963, 36
66139, 39
66334, 36
66365, 37
66400, 37
66426, 36
66712, 36
66766, 37
66866, 37
66918, 37
66929, 36
66969, 36
67098, 39
67016, 40
67183, 40
67250, 39
67363, 38
67449, 39
67550, 38
67566, 40
67563, 38
68177, 36
68301, 38
68386, 36
68412, 38
68406, 36
68542, 36
68630, 36
68853, 40
69041, 38
69081, 37
69074, 40
69106, 38
69109, 36
69115, 37
69188, 38
69231, 38
69383, 37
69402, 39
69423, 36
69463, 38
69492, 40
69597, 37
69774, 36
69785, 39
69804, 38
69969, 36
69993, 37
70063, 40
70117, 38
70328, 38
70502, 39
70532, 40
70727, 38
70910, 37
70944, 39
71005, 40
71084, 38
71359, 37
71398, 39
71404, 38
71456, 38
71572, 40
71601, 37
71647, 38
71643, 39
71648, 40
71697, 38
71731, 36
71839, 37
71842, 39
71959, 39
72002, 40
72101, 40
72234, 38
72254, 38
72262, 40
72309, 38
72328, 39
72391, 40
72478, 40
72545, 38
72572, 38
72573, 40
72695, 36
72784, 37
72795, 38
72905, 38
72940, 38
73040, 36
73037, 39
73067, 39
73073, 40
73103, 36
73120, 40
73198, 39
73332, 38
73344, 36
73481, 40
73516, 40
73615, 38
73655, 39
73782, 37
73924, 39
73948, 37
74036, 36
74060, 36
74115, 37
74175, 37
74199, 37
74347, 40
74500, 38
74495, 37
74586, 40
74836, 36
74851, 38
75014, 36
75071, 40
75108, 37
75195, 40
75219, 39
75243, 38
75324, 40
75435, 40
75463, 36
75584, 38
75634, 40
75851, 39
75973, 36
76068, 36
76155, 38
76170, 36
76204, 37
76233, 39
76290, 38
76322, 39
76512, 39
76533, 40
76756, 40
76752, 38
76999, 37
77097, 40
77106, 39
77209, 37
77269, 39
77296, 40
77318, 36
77545, 39
77629, 36
77629, 40
77836, 37
77873, 40
77899, 38
78036, 36
78038, 37
78092, 38
78222, 39
78272, 36
78360, 37
78436, 39
78469, 38
78507, 37
78553, 37
78670, 37
78700, 37
78758, 40
78820, 39
78831, 36
79148, 40
79390, 40
79443, 40
79521, 37
79588, 36
79654, 40
79663, 39
79709, 39
79752, 38
79903, 36
80064, 37
80103, 36
80108, 37
80290, 39
80339, 37
80346, 36
80406, 37
80413, 38
80521, 38
80521, 39
80546, 36
80550, 38
80747, 37
80813, 36
80845, 40
80933, 38
81039, 40
81070, 37
81110, 37
81136, 39
81349, 38
81580, 36
81597, 37
81604, 39
81658, 37
81668, 40
81726, 38
81883, 37
81961, 37
82006, 39
82016, 40
82061, 40
82191, 39
82297, 40
82394, 40
82404, 36
82406, 39
82526, 38
82627, 37
82719, 39
82747, 38
82885, 37
82926, 37
83117, 39
83186, 40
83208, 36
83240, 39
83408, 37
83431, 40
83488, 37
83523, 38
83682, 36
83789, 36
83896, 40
83926, 40
84005, 38
84150, 38
84178, 39
84254, 36
84264, 38
84349, 36
84405, 38
84443, 40
84515, 36
84754, 36
84953, 39
85044, 39
85048, 37
85088, 38
85091, 36
85117, 38
85198, 36
85201, 40
85231, 38
85258, 39
85338, 40
85398, 38
85425, 38
85518, 40
85626, 39
85686, 36
85703, 38
85749, 40
85808, 38
85875, 40
86055, 37
86138, 38
86279, 39
86393, 38
86504, 40
86674, 37
86711, 39
86800, 38
86860, 36
86977, 38
86981, 36
87090, 37
87341, 36
87515, 36
87558, 39
87661, 40
87767, 39
87867, 39
87903, 38
88005, 40
88118, 36
88121, 38
88134, 39
88209, 38
88219, 40
88312, 37
88358, 38
88401, 38
88417, 40
88572, 36
88607, 38
88709, 38
89048, 39
89058, 36
89097, 36
89178, 37
89225, 37
89224, 39
89257, 36
89345, 39
89346, 40
89364, 36
89399, 40
89557, 37
89588, 40
89584, 37
89842, 39
89887, 39
89935, 37
90001, 40
90162, 36
90203, 36
90214, 37
90322, 39
90328, 37
90385, 40
90400, 36
90526, 39
90581, 39
90588, 40
90774, 37
90782, 38
90912, 40
90974, 37
91277, 38
91593, 40
91613, 38
91733, 40
91730, 37
91793, 38
91909, 40
92175, 38
92234, 40
92334, 40
92438, 36
92472, 37
92497, 37
92541, 37
92560, 39
92569, 38
92586, 37
92649, 39
92672, 36
92681, 40
92728, 40
92756, 39
92867, 37
93002, 38
93064, 36
93129, 37
93141, 38
93196, 39
93265, 37
93309, 40
93355, 39
93427, 40
93456, 36
93736, 40
93776, 36
93886, 39
94086, 39
94164, 39
94239, 40
94251, 38
94269, 37
94338, 38
94409, 39
94503, 37
94589, 40
94600, 38
94702, 40
94737, 37
94756, 39
94782, 37
94856, 39
94988, 37
95001, 36
95481, 36
95510, 40
95590, 38
95621, 40
95776, 38
95815, 39
95921, 39
95926, 36
95970, 36
96235, 36
96286, 40
96339, 36
96354, 38
96361, 37
96453, 38
96492, 38
96543, 39
96610, 37
96670, 37
96862, 36
96865, 38
96895, 37
96961, 39
97024, 36
97055, 37
97109, 36
97131, 40
97163, 37
97219, 37
97255, 40
97264, 39
97277, 40
97326, 38
97359, 37
97383, 39
97448, 38
97597, 40
97672, 39
97758, 36
97798, 38
97825, 37
97890, 36
98103, 38
98128, 40
98212, 39
98311, 37
98385, 38
98498, 38
98699, 40
98702, 36
98709, 39
98880, 40
98893, 38
99007, 39
99214, 39
99253, 37
99299, 40
99353, 38
99790, 39
99938, 36
100084, 37
100240, 36
100487, 37
100617, 38
100685, 37
100692, 36
100724, 39
100778, 38
100792, 36
100825, 38
101047, 40
101221, 38
101433, 36
101620, 37
101732, 37
101788, 36
101796, 39
101825, 38
102024, 38
102161, 39
102264, 39
102346, 40
102487, 39
102624, 38
102684, 39
102741, 38
102765, 40
102789, 36
102791, 39
102831, 39
102866, 36
102891, 37
102888, 38
102895, 40
102900, 36
103031, 40
103047, 37
103065, 38
103173, 36
103308, 40
103324, 38
103598, 39
103642, 36
103667, 38
103845, 38
103905, 37
104060, 38
104176, 36
104297, 39
104391, 40
104406, 37
104468, 38
104736, 38
104732, 36
104738, 40
104779, 39
104809, 39
104846, 40
104901, 39
105039, 38
105142, 37
105149, 38
105193, 38
105245, 39
105275, 40
105296, 36
105364, 39
105440, 37
105522, 36
105572, 37
105678, 39
105685, 36
105777, 39
106066, 37
106103, 40
106237, 36
106357, 37
106373, 39
106548, 38
106643, 37
106907, 38
107049, 36
107082, 36
107298, 37
107311, 39
107341, 37
107368, 36
107404, 39
107549, 39
107574, 39
107673, 36
107665, 37
107715, 37
107759, 38
107887, 37
107939, 38
108086, 36
108091, 39
108091, 40
108132, 39
108150, 36
108139, 40
108247, 37
108432, 40
108490, 37
108629, 38
108653, 39
108695, 37
108768, 36
108901, 38
109064, 40
109140, 39
109174, 40
109261, 39
109298, 36
109349, 37
109405, 39
109612, 40
109694, 38
109716, 40
109763, 37
109778, 38
109787, 36
109803, 37
109815, 39
109871, 38
109911, 40
110052, 38
110111, 39
110147, 40
110239, 40
110342, 39
110417, 38
110427, 40
110585, 38
110658, 36
110694, 39
110755, 39
110756, 40
110765, 38
110799, 40
110855, 38
110859, 36
111009, 38
111109, 40
111100, 37
111329, 39
111435, 39
111514, 36
111520, 37
111534, 39
111756, 38
111838, 37
111852, 36
111882, 37
111892, 36
111983, 38
112052, 37
112109, 36
112106, 39
112146, 37
112173, 38
112179, 37
112213, 36
112255, 39
112315, 38
112466, 37
112580, 37
112740, 38
112773, 37
112795, 39
112938, 36
112975, 38
112991, 37
113063, 38
113095, 40
113118, 37
113245, 39
113270, 36
113428, 38
113478, 36
113518, 38
113558, 39
113580, 36
113621, 38
113826, 37
113898, 36
113953, 36
113954, 40
113966, 39
114005, 38
114006, 40
114012, 39
114097, 38
114210, 39
114246, 39
114452, 36
114665, 39
114719, 40
114806, 39
114956, 38
114956, 40
114986, 36
115013, 37
115037, 38
115070, 40
115177, 36
115333, 37
115341, 40
115536, 39
115574, 38
115663, 37
115697, 37
115697, 38
115772, 40
115798, 37
115862, 40
115989, 37
116246, 40
116263, 36
116276, 40
116373, 37
116393, 38
116394, 39
116423, 37
116555, 39
116578, 37
116585, 40
116596, 38
116707, 39
116835, 37
116909, 36
116919, 40
116968, 40
116975, 38
117026, 38
117070, 38
117131, 39
117144, 38
117297, 36
117278, 37
117374, 38
117452, 40
117462, 39
117602, 40
117788, 36
117838, 40
117841, 39
117883, 40
118036, 37
118064, 37
118081, 38
118094, 39
118289, 37
118295, 39
118376, 36
118386, 38
118464, 38
118470, 36
118531, 37
118578, 36
118710, 40
118783, 38
118924, 37
118958, 40
119002, 38
119014, 36
119104, 37
119346, 40
119418, 38
119441, 39
119450, 37
119436, 38
119507, 36
119597, 38
119727, 36
119851, 37
119896, 39
119976, 38
120037, 39
120111, 40
120177, 39
120496, 37
120572, 39
120635, 40
120689, 36
120736, 39
120743, 40
120768, 36
120782, 39
120804, 36
120838, 36
120881, 39
121083, 38
121244, 40
121341, 40
121642, 39
121641, 40
121846, 36
121876, 38
122016, 37
122042, 37
122096, 36
122397, 39
122418, 38
122434, 40
122668, 37
122697, 38
122918, 40
123014, 39
123043, 39
123313, 37
123348, 38
123346, 39
123507, 36
123510, 38
123500, 37
123589, 39
123586, 40
123668, 36
123658, 40
123702, 39
123920, 39
124026, 37
124055, 38
124079, 40
124186, 40
124192, 39
124245, 38
124327, 38
124528, 39
124641, 38
124682, 37
124725, 36
124862, 39
124947, 36
124998, 37
125118, 37
125225, 36
125251, 39
125315, 37
125334, 36
125459, 40
125798, 37
125822, 38
125826, 40
126114, 37
126128, 40
126335, 38
126338, 36
126352, 39
126371, 38
126575, 38
126706, 40
126771, 37
126821, 38
126863, 39
126890, 39
127029, 37
127103, 38
127231, 36
127537, 39
127886, 40
127901, 38
128018, 38
128024, 37
128341, 36
128441, 40
128479, 39
128467, 37
128499, 39
128553, 39
128801, 40
128955, 38
129001, 38
129041, 40
129084, 38
129095, 40
129151, 36
129181, 36
129214, 38
129280, 37
129297, 40
129328, 37
129331, 38
129334, 36
129472, 36
129559, 36
129686, 38
129698, 37
129780, 36
129822, 39
129872, 37
129965, 37
130046, 38
130056, 39
130132, 37
130164, 37
130197, 40
130214, 36
130294, 36
130577, 40
130609, 37
130619, 36
130643, 37
130651, 36
130770, 39
130802, 39
130839, 36
130876, 37
130929, 39
131106, 40
131131, 37
131224, 36
131208, 39
131275, 38
131296, 37
131390, 37
131462, 36
131475, 39
131593, 37
131680, 39
131777, 37
131817, 37
131833, 36
132073, 36
132115, 39
132152, 40
132197, 36
132230, 36
132352, 38
132349, 39
132415, 37
132445, 40
132457, 36
132507, 38
132839, 36
132894, 39
132980, 38
133008, 37
133043, 36
133151, 36
133184, 36
133387, 36
133409, 40
133519, 38
133518, 40
133581, 36
133835, 39
133964, 38
134128, 38
134246, 37
134264, 36
134294, 36
134350, 40
134759, 39
134876, 38
134950, 39
134994, 38
135000, 36
135221, 38
135321, 36
135431, 36
135429, 39
135450, 36
135707, 38
135845, 38
135871, 38
135936, 36
135984, 39
136018, 37
136011, 39
136052, 36
136055, 37
136107, 40
136162, 39
136188, 36
136235, 38
136261, 37
136600, 36
136612, 39
136674, 37
136701, 36
136836, 38
136827, 39
136980, 37
137048, 38
137090, 39
137134, 36
137233, 36
137298, 38
137343, 40
137348, 37
137433, 40
137459, 38
137487, 36
137624, 38
137679, 40
137718, 38
137729, 39
137806, 38
137870, 39
137879, 37
138028, 40
138114, 40
138187, 39
138209, 36
138237, 39
138286, 38
138300, 37
138320, 38
138331, 36
138450, 39
138861, 39
139017, 38
139083, 40
139285, 36
139449, 38
139468, 36
139517, 37
139726, 39
139931, 37
140108, 40
140173, 36
140237, 39
140336, 39
140526, 37
140540, 40
140761, 37
140855, 40
140889, 40
141098, 37
141131, 36
141270, 40
141401, 40
141500, 36
141573, 39
141630, 40
141701, 39
141706, 37
141730, 39
141745, 36
141752, 37
141890, 38
141902, 39
142038, 37
142076, 36
142087, 37
142095, 39
142114, 38
142138, 38
142187, 39
142253, 40
142350, 38
142355, 39
142369, 36
142459, 40
142503, 39
142502, 37
142660, 40
142681, 36
142779, 36
142790, 37
142804, 36
142830, 37
142839, 40
142867, 38
142997, 40
143043, 36
143048, 37
143275, 37
143430, 37
143466, 37
143607, 40
143678, 39
143824, 38
144002, 37
144201, 40
144246, 37
144253, 38
144305, 40
144469, 39
144624, 36
144630, 40
144704, 38
144962, 36
144987, 37
145033, 36
145114, 40
145190, 37
145231, 36
145288, 40
145302, 39
145351, 39
145453, 36
145493, 38
145549, 37
145649, 37
145823, 36
145906, 39
146148, 39
146251, 39
146311, 36
146342, 40
146391, 40
146600, 38
146693, 40
146701, 39
146715, 40
146786, 36
146920, 40
147074, 36
147269, 36
147747, 39
147789, 39
147868, 39
147917, 37
147945, 36
147945, 40
147954, 38
148017, 37
148218, 36
148244, 40
148290, 39
148342, 36
148427, 37
148491, 37
148684, 40
148711, 40
148828, 40
148876, 36
148981, 39
148955, 40
149010, 38
149013, 36
149018, 40
149130, 38
149403, 37
149411, 40
149599, 37
149623, 37
149655, 40
149706, 36
149732, 39
149794, 38
149819, 38
149883, 36
149898, 40
149957, 38
150013, 36
150232, 36
150270, 39
150303, 37
150388, 40
150478, 37
150515, 38
150646, 38
150672, 36
150882, 36
150947, 37
150990, 37
150996, 40
151087, 37
151258, 37
151310, 37
151364, 38
151517, 38
151608, 37
151637, 36
151611, 40
151658, 38
151868, 38
151981, 38
152001, 40
152147, 40
152331, 39
152339, 36
152368, 38
152389, 36
152408, 40
152471, 37
152596, 38
152606, 37
152649, 39
152691, 39
71, 38
540, 38
622, 38
672, 38
816, 38
931, 38
1028, 38
1110, 38
1232, 38
1383, 38
1428, 38
1589, 38
1873, 38
1884, 38
2081, 38
2184, 38
2442, 38
2510, 38
2568, 38
2673, 38
2730, 38
2891, 38
3010, 38
3074, 38
3310, 38
3409, 38
3506, 38
3604, 38
3626, 38
3637, 38
3648, 38
3739, 38
3996, 38
4042, 38
4129, 38
4140, 38
4207, 38
4252, 37
4352, 37
4381, 37
4438, 38
4735, 38
4771, 38
4937, 37
4951, 38
5068, 37
5066, 38
5157, 38
5321, 38
5328, 37
5363, 37
5658, 38
5954, 38
6151, 38
6211, 37
6228, 38
6401, 38
6485, 37
6539, 38
6635, 38
6693, 37
6782, 38
6922, 38
6941, 37
7000, 38
7241, 38
7263, 38
7404, 38
7407, 37
7426, 37
7450, 37
7567, 37
7632, 37
7692, 37
7888, 37
8007, 37
8054, 38
8141, 38
8160, 38
8396, 40
8527, 40
8547, 37
8582, 38
8586, 40
8646, 38
8725, 38
8730, 37
8756, 40
8880, 40
8912, 37
8956, 37
9049, 40
9091, 40
9115, 37
9139, 38
9279, 40
9333, 37
9418, 37
9470, 40
9485, 38
9548, 37
9561, 38
9770, 37
9919, 40
10042, 37
10119, 37
10122, 38
10259, 40
10413, 38
10435, 37
10447, 38
10445, 40
10544, 40
10563, 38
10576, 38
10635, 37
10657, 37
10695, 40
10725, 40
10754, 40
10783, 38
10815, 37
10828, 37
10848, 38
10884, 37
10919, 40
10913, 37
10947, 37
11007, 38
11085, 37
11141, 37
11301, 37
11497, 40
11555, 40
11573, 40
11576, 38
11636, 37
11723, 37
11746, 37
11884, 37
11912, 37
11943, 38
11951, 40
11981, 40
12005, 38
12098, 40
12154, 38
12179, 40
12511, 40
12646, 40
12744, 37
12834, 38
12830, 37
12907, 37
13221, 37
13354, 40
13472, 40
13470, 37
13627, 37
13638, 38
13674, 40
13861, 40
13879, 38
14029, 40
14215, 37
14221, 40
14312, 40
14345, 37
14532, 37
14663, 37
14719, 40
14732, 37
14740, 38
14786, 37
14813, 38
14890, 40
14907, 37
14918, 37
15186, 40
15235, 37
15260, 40
15292, 38
15392, 40
15441, 38
15563, 37
15567, 38
15669, 40
15682, 38
15711, 37
15751, 40
15797, 38
15921, 38
15948, 38
15968, 38
16131, 38
16215, 37
16401, 38
16412, 37
16491, 38
16532, 37
16621, 38
16626, 37
16661, 38
17090, 38
17116, 38
17180, 37
17249, 40
17306, 40
17352, 37
17465, 37
17516, 38
17595, 37
17722, 40
17839, 40
17855, 37
17904, 37
17980, 38
17977, 37
17982, 40
18277, 40
18369, 37
18461, 37
18476, 38
18519, 40
18535, 37
18740, 40
18943, 40
18969, 38
19141, 40
19289, 37
19320, 38
19323, 37
19438, 40
19455, 37
19716, 37
19761, 38
19896, 38
20000, 40
20205, 38
20224, 38
20363, 40
20498, 37
20708, 37
20766, 38
21092, 37
21213, 40
21352, 38
21449, 40
21466, 37
21656, 38
21659, 37
21786, 37
21791, 38
21862, 37
21858, 40
21918, 38
21937, 37
22044, 37
22155, 38
22167, 38
22340, 38
22339, 40
22379, 37
22459, 38
22595, 37
22672, 38
22754, 38
22790, 40
22799, 38
23031, 37
23059, 38
23074, 40
23155, 40
23334, 37
23578, 37
23595, 40
23631, 38
23660, 40
23810, 38
23969, 38
24110, 40
24142, 40
24275, 38
24310, 40
24347, 37
24377, 37
24481, 37
24599, 40
24670, 40
24723, 37
24771, 38
24765, 37
24815, 38
24921, 40
24924, 38
25005, 37
25053, 37
25155, 38
25228, 40
25390, 38
25407, 40
25461, 40
25464, 38
25543, 40
25702, 37
25791, 38
25819, 37
25824, 38
26091, 38
26175, 37
26258, 37
26296, 40
26437, 38
26638, 40
26708, 40
26764, 37
26795, 38
26850, 40
26880, 40
26941, 40
27037, 37
27172, 37
27207, 40
27244, 38
27250, 37
27284, 40
27390, 37
27751, 38
27862, 38
27892, 37
27944, 38
27981, 38
28017, 40
28031, 38
28108, 37
28172, 40
28504, 40
28676, 37
28698, 37
28734, 38
28857, 40
28932, 38
28961, 38
28963, 40
28985, 38
29144, 38
29170, 37
29260, 40
29275, 38
29395, 38
29434, 37
29452, 40
29655, 38
29705, 37
29754, 37
29866, 38
29971, 37
29982, 40
30140, 38
30185, 40
30447, 37
30517, 37
30518, 40
30664, 37
30931, 37
31052, 37
31045, 38
31118, 40
31184, 40
31209, 37
31425, 37
31661, 40
31722, 40
31880, 37
31972, 37
32004, 40
32026, 38
32070, 40
32133, 40
32247, 37
32258, 40
32274, 38
32427, 40
32558, 38
32695, 37
32698, 40
32721, 38
32877, 37
32945, 40
33330, 40
33517, 37
33556, 40
33566, 38
33604, 40
33658, 38
33657, 40
33719, 37
33812, 37
33868, 40
33931, 37
33949, 37
33975, 37
34083, 40
34403, 40
34632, 37
34737, 40
34848, 38
34884, 37
34982, 38
34994, 37
35011, 40
35068, 38
35092, 40
35369, 40
35415, 40
35480, 37
35570, 37
35603, 38
35672, 40
35683, 38
35787, 38
35966, 40
35964, 38
36158, 40
36223, 37
36343, 38
36369, 37
36408, 38
36480, 40
36747, 38
36979, 38
36976, 40
37091, 37
37160, 40
37270, 40
37311, 40
37355, 38
37475, 37
37602, 38
37669, 38
37788, 40
37904, 37
37922, 37
37968, 38
37993, 37
38001, 38
38062, 40
38071, 38
38103, 38
38322, 38
38330, 40
38414, 37
38446, 37
38489, 37
38555, 37
38725, 40
38749, 38
39181, 40
39257, 40
39352, 37
39418, 37
39440, 37
39570, 38
39596, 40
39839, 38
39934, 37
40066, 40
40097, 37
40151, 38
40335, 40
40351, 40
40427, 37
40500, 37
40579, 38
40609, 38
40637, 37
40843, 37
41262, 38
41285, 37
41322, 38
41399, 37
41427, 40
41508, 37
41550, 37
41553, 38
41670, 38
41725, 38
41764, 38
41991, 37
42023, 37
42058, 38
42149, 38
42174, 38
42207, 40
42222, 37
42341, 37
42558, 38
42578, 37
42677, 40
42760, 38
42790, 37
43081, 38
43196, 38
43258, 38
43278, 40
43403, 37
43483, 37
43513, 37
43674, 40
43690, 38
43849, 40
43921, 37
44122, 37
44205, 38
44301, 37
44321, 40
44362, 40
44465, 40
44609, 40
44640, 38
44706, 38
44797, 37
44939, 37
45030, 38
45098, 37
45253, 37
45283, 38
45292, 40
45327, 37
45353, 38
45643, 37
45693, 37
45785, 40
45828, 38
45830, 37
46014, 38
46022, 37
46050, 40
46061, 38
46091, 38
46103, 37
46250, 38
46261, 38
46487, 37
46605, 40
46642, 38
46760, 40
46820, 37
46941, 40
47099, 40
47136, 38
47142, 40
47293, 38
47321, 37
47645, 38
47831, 38
47852, 37
47863, 38
47880, 38
47905, 40
47972, 37
47988, 40
48042, 38
48083, 38
48114, 37
48143, 40
48226, 38
48243, 38
48285, 38
48434, 40
48489, 40
48494, 37
48580, 40
48713, 38
48750, 40
48781, 38
48802, 38
48825, 38
48848, 40
48906, 38
48925, 40
48942, 38
49094, 40
49154, 38
49208, 38
49259, 38
49553, 40
49592, 38
49602, 40
49641, 38
49679, 38
49703, 37
49711, 40
49789, 38
49807, 38
49811, 37
49830, 38
49936, 37
49972, 40
49974, 38
50042, 40
50082, 38
50076, 40
50179, 37
50271, 38
50321, 37
50394, 40
50465, 37
50536, 37
50644, 38
50658, 38
50696, 40
50710, 38
50832, 38
50834, 37
50867, 40
50893, 40
51036, 38
51083, 37
51177, 38
51195, 38
51211, 37
51392, 40
51396, 37
51445, 38
51702, 40
51787, 38
52014, 37
52191, 38
52209, 40
52307, 38
52416, 40
52434, 37
52582, 40
52611, 38
52749, 38
52800, 38
52821, 40
52948, 37
52979, 40
52986, 38
53008, 37
53215, 37
53297, 38
53370, 37
53443, 38
53437, 40
53559, 40
53564, 37
53705, 37
54040, 40
54077, 38
54336, 38
54359, 37
54455, 40
54597, 40
54627, 40
54659, 37
54910, 40
54913, 38
54923, 40
54960, 40
55073, 37
55180, 38
55191, 37
55184, 40
55322, 40
55404, 37
55421, 40
55534, 40
55565, 37
55590, 37
55625, 40
55661, 40
55792, 40
55799, 38
55846, 38
55901, 38
55967, 38
56006, 37
56114, 40
56153, 38
56314, 38
56344, 40
56370, 38
56420, 40
56583, 38
56773, 37
56799, 37
56803, 38
57001, 40
57052, 37
57094, 38
57097, 37
57275, 40
57296, 38
57496, 38
57541, 40
57586, 37
57659, 38
57670, 38
57800, 38
57620, 40
57972, 40
58092, 40
58229, 38
58271, 38
58338, 37
58341, 38
58414, 37
58413, 38
58521, 38
58600, 38
58859, 40
58946, 37
59103, 37
59143, 37
59215, 38
59362, 40
59375, 38
59380, 40
59408, 38
59540, 40
59569, 38
59580, 40
59589, 40
59614, 40
59752, 38
59806, 38
59833, 38
59924, 38
60003, 40
60057, 40
60106, 40
60202, 38
60253, 40
60383, 37
60444, 37
60475, 40
60589, 37
60761, 37
60766, 40
60776, 38
60849, 38
60987, 40
61246, 38
61412, 38
61662, 38
61686, 38
61694, 37
61746, 38
62070, 38
62127, 38
62136, 37
62395, 38
62419, 40
62445, 38
62449, 40
62498, 37
62620, 40
62655, 38
62757, 37
62822, 40
62839, 38
62878, 40
63105, 37
63181, 40
63250, 40
63287, 38
63322, 38
63450, 37
63599, 37
63670, 40
63873, 40
63896, 37
63987, 40
64150, 40
64591, 37
64608, 40
64666, 38
64767, 40
64836, 38
64865, 38
64902, 37
64905, 40
64896, 38
64937, 38
64987, 37
65026, 40
65032, 37
65323, 40
65553, 38
65570, 37
65871, 38
65891, 37
65894, 38
65981, 37
66015, 38
66029, 38
66113, 40
66409, 38
66424, 38
66718, 40
66948, 40
67033, 40
67204, 37
67278, 37
67297, 37
67463, 38
67589, 40
67642, 37
67735, 38
67764, 37
67843, 40
67856, 38
67850, 37
67922, 40
67947, 38
67975, 37
68009, 38
68028, 37
68038, 38
68097, 37
68248, 37
68431, 40
68499, 40
68544, 38
68640, 37
68702, 40
68820, 40
68931, 38
68926, 40
69105, 37
69163, 40
69197, 37
69202, 38
69267, 37
69329, 38
69330, 40
69393, 40
69448, 37
69451, 40
69454, 38
69500, 37
69518, 40
69664, 40
69696, 40
69791, 40
69987, 38
70106, 37
70235, 37
70336, 38
70423, 38
70433, 37
70535, 37
70578, 40
70654, 40
70679, 40
70744, 38
70905, 38
70947, 37
70972, 38
71081, 40
71113, 37
71198, 38
71295, 38
71354, 38
71597, 38
71621, 37
71714, 37
71756, 38
71782, 38
71942, 38
71953, 37
71971, 40
72042, 38
72091, 37
72279, 37
72335, 38
72344, 40
72361, 38
72437, 38
72469, 40
72550, 37
72552, 40
72699, 37
72714, 38
72732, 40
72799, 40
72919, 37
73011, 37
73033, 40
73079, 37
73180, 38
73264, 40
73281, 40
73324, 40
73321, 37
73423, 38
73481, 37
73545, 37
73574, 38
73697, 40
73746, 38
73764, 37
73786, 40
73827, 38
74073, 38
74108, 40
74190, 38
74374, 40
74443, 37
74662, 37
74682, 38
74782, 40
74836, 40
74858, 37
74893, 38
75090, 40
75172, 38
75210, 37
75245, 37
75326, 37
75543, 40
75847, 37
75968, 38
76046, 37
76192, 40
76697, 37
76710, 38
76794, 37
77035, 37
77064, 37
77065, 40
77187, 37
77191, 40
77283, 40
77420, 38
77518, 37
77581, 40
77672, 38
77956, 38
77962, 37
78342, 37
78416, 37
78421, 40
78502, 38
78542, 40
78593, 37
78660, 38
78731, 40
78847, 37
78920, 37
78947, 40
78961, 38
79429, 37
79469, 38
79690, 40
79785, 37
80023, 40
80158, 38
80245, 40
80414, 37
80435, 38
80537, 40
80557, 40
81044, 38
81099, 37
81187, 40
81329, 40
81364, 37
81476, 40
81526, 38
81691, 37
81687, 38
81808, 40
81923, 37
81944, 38
81977, 37
82007, 37
82024, 37
82146, 38
82372, 40
82372, 38
82433, 40
82476, 37
82662, 40
82673, 37
82710, 38
82747, 40
82931, 40
83103, 37
83213, 37
83447, 37
83610, 37
83709, 37
83740, 40
83805, 38
83948, 37
84198, 40
84397, 37
84543, 37
84542, 40
84722, 40
84844, 38
84877, 38
84920, 40
84969, 40
85150, 40
85418, 38
85446, 37
85652, 40
85686, 38
85800, 40
85809, 38
85914, 38
85923, 37
86043, 37
86108, 38
86205, 37
86402, 40
86699, 37
86836, 40
87170, 38
87188, 40
87426, 37
87459, 38
87458, 40
87488, 37
87505, 38
87536, 40
87681, 37
87738, 38
87761, 38
87805, 40
87868, 38
87924, 40
87944, 40
88033, 38
88149, 37
88169, 37
88277, 40
88301, 40
88344, 37
88349, 40
88386, 40
88516, 40
88629, 37
88900, 37
88928, 38
89029, 37
89309, 40
89326, 40
89603, 37
89604, 38
89748, 37
89778, 38
89809, 37
89823, 38
89879, 40
89937, 40
90007, 40
90023, 40
90067, 37
90082, 38
90140, 40
90158, 40
90192, 37
90226, 40
90341, 40
90420, 38
90593, 38
90611, 38
90756, 40
90838, 37
90896, 37
90906, 40
90925, 38
91006, 40
91021, 37
91135, 40
91259, 38
91380, 37
91439, 38
91449, 37
91514, 40
91548, 38
91670, 38
91678, 37
91746, 38
91841, 40
92093, 40
92202, 37
92240, 40
92269, 40
92579, 37
92879, 37
92921, 38
92938, 37
92984, 38
93025, 40
93030, 38
93120, 38
93292, 37
93475, 38
93560, 37
93608, 38
93743, 37
93746, 38
93845, 40
93910, 38
93926, 38
93970, 40
94002, 40
94030, 38
94038, 40
94237, 38
94274, 38
94451, 40
94511, 38
94541, 37
94678, 40
94811, 37
95077, 40
95133, 38
95164, 37
95308, 40
95347, 38
95359, 40
95447, 38
95473, 40
95512, 37
95780, 40
95875, 40
95909, 37
95949, 40
95987, 38
96051, 38
96113, 37
96212, 37
96264, 38
96369, 40
96431, 37
96507, 40
96608, 37
96617, 40
96812, 40
97047, 37
97106, 37
97188, 40
97202, 40
97393, 40
97436, 38
97609, 37
97669, 37
97721, 40
97736, 37
97902, 38
98336, 40
98422, 38
98476, 37
98704, 37
98721, 40
98774, 38
98794, 40
98797, 37
98869, 40
98890, 37
98903, 37
99069, 38
99113, 40
99116, 37
99196, 37
99199, 40
99331, 37
99411, 40
99535, 37
99558, 38
99640, 40
99702, 38
99725, 38
99797, 38
100003, 37
100039, 38
100047, 40
100098, 38
100165, 40
100224, 40
100265, 37
100277, 37
100276, 38
100351, 40
100422, 40
100449, 40
100480, 38
100771, 37
101025, 40
101242, 40
101502, 37
101564, 40
101682, 38
101697, 40
101725, 40
101696, 37
101733, 38
101797, 38
101824, 38
101893, 37
101937, 37
102078, 37
102184, 40
102379, 38
102433, 40
102568, 38
102760, 38
102793, 40
103239, 40
103377, 40
103516, 38
103525, 40
103543, 38
103629, 38
103650, 40
103797, 37
103846, 40
103877, 38
104149, 37
104157, 38
104394, 38
104470, 40
104523, 38
104966, 40
104998, 37
105201, 37
105306, 38
105456, 38
105477, 38
105523, 37
105546, 40
105590, 37
105608, 40
105722, 37
105762, 38
105775, 38
105804, 38
105881, 38
106115, 40
106151, 37
106293, 38
106318, 38
106383, 38
106401, 38
106432, 38
106565, 37
106611, 38
106633, 40
106691, 37
106827, 38
106920, 40
107110, 40
107174, 37
107198, 40
107256, 37
107307, 38
107344, 40
107378, 37
107424, 38
107485, 38
107613, 37
107671, 38
107875, 38
107988, 38
108060, 38
108169, 37
108203, 37
108331, 38
108661, 40
108688, 37
108749, 40
108788, 37
108856, 38
109045, 37
109057, 40
109163, 37
109281, 40
109312, 38
109499, 37
109744, 37
110012, 38
110046, 40
110122, 37
110134, 38
110265, 38
110292, 37
110312, 40
110379, 37
110566, 40
110569, 38
110599, 37
110636, 38
110696, 40
110772, 37
110806, 38
110858, 37
111050, 37
111076, 38
111266, 37
111436, 38
111430, 40
111439, 37
111493, 38
111545, 38
111640, 37
111676, 37
111703, 40
111737, 37
112125, 37
112173, 38
112173, 40
112248, 37
112355, 38
112398, 40
112413, 40
112518, 38
112572, 38
112589, 40
112632, 37
112650, 40
112720, 38
113080, 38
113368, 40
113363, 37
113429, 38
113449, 40
113474, 40
113513, 37
113544, 38
113770, 38
113789, 38
113825, 40
113846, 40
113920, 38
113970, 40
114026, 37
114143, 37
114162, 40
114236, 40
114376, 40
114393, 37
114396, 40
114430, 40
114534, 40
114561, 38
114580, 37
114630, 37
114754, 37
114860, 38
114883, 37
114954, 37
115008, 37
115025, 37
115075, 40
115148, 37
115199, 40
115327, 40
115429, 38
115491, 37
115506, 38
115523, 40
115558, 37
115596, 40
115618, 38
115625, 37
115748, 40
115826, 37
115946, 38
116026, 38
116092, 37
116106, 38
116214, 38
116253, 40
116594, 38
116659, 37
116741, 37
116756, 40
116763, 37
116781, 38
117060, 38
117139, 38
117341, 37
117487, 38
117618, 40
117621, 37
117758, 40
117809, 38
117885, 38
117952, 37
117994, 38
118113, 40
118416, 40
118415, 37
118451, 37
118559, 38
118631, 37
118649, 37
118679, 37
118704, 40
118705, 37
118806, 37
118991, 38
119358, 37
119448, 37
119533, 37
119629, 37
119748, 37
120187, 37
120186, 40
120278, 40
120357, 37
120364, 40
120454, 38
120478, 38
120706, 37
120797, 38
120922, 37
121112, 38
121193, 38
121193, 40
121215, 38
121289, 37
121283, 40
121431, 40
121447, 40
121482, 38
121548, 37
121619, 40
121720, 37
121809, 40
121831, 37
121841, 38
121928, 40
121984, 37
122001, 40
122034, 37
122053, 37
122082, 37
122151, 37
122159, 40
122185, 38
122257, 38
122288, 40
122296, 37
122363, 37
122490, 37
122598, 40
122617, 38
122726, 40
122753, 40
122824, 37
122847, 38
122961, 37
123066, 38
123167, 40
123288, 40
123334, 38
123407, 37
123560, 40
123824, 37
123836, 37
124020, 37
124046, 37
124064, 40
124076, 37
124153, 40
124284, 38
124317, 40
124347, 38
124381, 38
124554, 40
124598, 38
124627, 38
124669, 40
124675, 37
124726, 37
124752, 40
124753, 38
124812, 37
124895, 38
124984, 40
125036, 38
125117, 38
125128, 37
125157, 40
125318, 37
125334, 38
125474, 37
125569, 38
125653, 40
125766, 40
125782, 38
125944, 38
126036, 38
126103, 40
126268, 38
126297, 37
126439, 40
126682, 37
126722, 38
126777, 37
126799, 37
126831, 37
126955, 37
126970, 37
126983, 38
127279, 37
127290, 38
127438, 37
127441, 40
127459, 38
127578, 38
127586, 37
127648, 38
127687, 38
127814, 38
127809, 37
127862, 40
127960, 40
127978, 38
127995, 38
128151, 37
128290, 40
128585, 38
128645, 37
128679, 37
128700, 38
128759, 37
129079, 38
129123, 37
129250, 40
129285, 40
129378, 38
129410, 38
129472, 37
129497, 37
129518, 38
129574, 38
129745, 38
129813, 37
129844, 38
129912, 37
129963, 37
130030, 37
130046, 37
130197, 37
130347, 38
130513, 40
130540, 37
130587, 40
130721, 37
130775, 40
130817, 40
130847, 37
130874, 40
131070, 40
131096, 40
131135, 37
131212, 40
131264, 38
131273, 40
131403, 37
131453, 40
131532, 37
131606, 40
131626, 40
131918, 40
132011, 37
132062, 38
132157, 37
132164, 38
132293, 40
132641, 38
132757, 37
132782, 37
132921, 37
132972, 38
133052, 38
133260, 40
133417, 38
133425, 40
133473, 38
133462, 37
133512, 40
133577, 40
133776, 40
133876, 40
133920, 38
133967, 37
134284, 37
134382, 38
134467, 40
134564, 40
134636, 38
134695, 40
134702, 38
134760, 38
134835, 38
134998, 37
134994, 38
135092, 40
135118, 38
135311, 38
135347, 37
135370, 40
135404, 37
135695, 37
135862, 40
136045, 37
136173, 40
136201, 40
136278, 40
136318, 38
136397, 40
136458, 37
136484, 37
136584, 37
136624, 38
136738, 38
136737, 40
136810, 40
136835, 40
136838, 38
136872, 37
137051, 37
137085, 37
137218, 37
137235, 40
137245, 37
137310, 40
137389, 40
137430, 40
137634, 38
137676, 37
137820, 38
137897, 40
137986, 38
138004, 38
138038, 40
138068, 40
138136, 40
138141, 37
138171, 37
138240, 40
138283, 37
138533, 37
138581, 38
138697, 38
138762, 38
138786, 37
138966, 40
139178, 37
139718, 40
139731, 38
139813, 38
139831, 38
139856, 37
139943, 37
139983, 40
140081, 38
140213, 38
140281, 37
140345, 37
140349, 40
140429, 38
140613, 40
140721, 38
140762, 38
140776, 40
140781, 38
140815, 38
140816, 37
140857, 40
140878, 37
140911, 40
141093, 40
141102, 38
141129, 37
141168, 40
141218, 38
141266, 37
141307, 40
141522, 38
141573, 37
141623, 40
141637, 37
141724, 37
141830, 37
141894, 40
141986, 38
141998, 37
142057, 38
142411, 38
142431, 38
142469, 37
142541, 37
142568, 37
142825, 40
142846, 38
142878, 38
142967, 37
143158, 38
143199, 40
143246, 37
143389, 37
143410, 37
143470, 40
143577, 38
143667, 40
143747, 37
143752, 40
143975, 38
144007, 37
144053, 38
144237, 40
144527, 37
144547, 37
144960, 38
145051, 37
145169, 37
145293, 38
145354, 40
145737, 38
145905, 38
145962, 37
146109, 40
146485, 38
146550, 37
146588, 37
146634, 40
146639, 37
146917, 40
146992, 38
147156, 40
147217, 38
147312, 40
147318, 37
147384, 38
147456, 40
147516, 37
147537, 38
147772, 38
147811, 40
147902, 37
147995, 40
148056, 37
148263, 40
148419, 38
148434, 37
148510, 38
148622, 38
148682, 38
148837, 38
148956, 38
149110, 37
149128, 37
149271, 37
149325, 38
149406, 37
149414, 38
149531, 37
149539, 40
149573, 40
149623, 37
149814, 40
149820, 38
149842, 38
149870, 40
149870, 38
149934, 38
149935, 37
149996, 38
150017, 38
150048, 40
150353, 38
150389, 38
150401, 40
150444, 37
150590, 40
150598, 37
150645, 38
150919, 38
150942, 37
150945, 38
151114, 38
151158, 37
151415, 38
151438, 38
151478, 37
151497, 37
151524, 38
151650, 37
151673, 40
151734, 40
151734, 38
151768, 37
152025, 40
152085, 37
152166, 38
152462, 38
152467, 40
152596, 40
152616, 38
152931, 38
152957, 40
153027, 40
153085, 37
153262, 40
153293, 38
153403, 40
153440, 37
153547, 40
153671, 40
153703, 40
153751, 37
153865, 38
153940, 38
154126, 38
154149, 37
154193, 40
154212, 40
154258, 37
154332, 37
154474, 40
154687, 37
154946, 40
154954, 38
155013, 40
155045, 37
155104, 38
155136, 37
155201, 38
155214, 38
155370, 38
155493, 38
155521, 37
155602, 37
155665, 37
155665, 40
155688, 37
155717, 37
155721, 38
155770, 37
155799, 38
155796, 40
155891, 40
156086, 38
156186, 38
156194, 37
156192, 40
156275, 40
156351, 40
156385, 40
156563, 40
156822, 38
157033, 37
157247, 37
157264, 40
157277, 40
157414, 40
157482, 37
157605, 40
157653, 38
158137, 38
158159, 37
158193, 38
158286, 40
158314, 38
158340, 37
158413, 40
158457, 37
158483, 38
158639, 37
158656, 40
158683, 38
158668, 37
158746, 38
158790, 37
158849, 38
159050, 38
159202, 40
159357, 40
159520, 37
159553, 37
159585, 40
159616, 37
159683, 38
159776, 40
159789, 38
159799, 40
159819, 37
159831, 40
159838, 37
159940, 37
159937, 38
159950, 40
160008, 37
160013, 40
160036, 38
160059, 37
160230, 40
160241, 37
160263, 40
160291, 38
160404, 37
360, 39
378, 39
628, 39
798, 36
847, 36
1043, 39
1102, 39
1112, 39
1134, 36
1385, 40
1533, 40
1778, 40
1927, 36
1941, 39
2182, 36
2200, 40
2871, 36
2972, 36
2994, 40
3021, 36
3254, 36
3314, 37
3355, 36
3388, 40
3523, 39
3625, 36
3628, 39
3883, 36
4025, 40
4088, 36
4155, 40
4201, 40
4256, 39
4310, 40
4377, 39
4402, 36
4448, 37
4510, 40
4640, 39
4646, 36
4636, 38
4735, 39
4758, 36
4761, 37
4830, 39
4844, 36
4864, 38
4886, 36
4948, 37
4976, 40
5048, 36
5074, 37
5257, 37
5252, 40
5270, 36
5383, 37
5476, 38
5505, 40
5514, 39
5571, 36
5597, 36
5737, 39
5806, 36
5829, 39
5869, 36
5912, 38
5951, 37
5962, 39
6017, 40
6092, 39
6150, 39
6188, 38
6319, 37
6581, 40
6588, 38
6628, 36
6667, 40
6862, 37
6889, 37
6884, 36
7065, 39
7106, 37
7134, 36
7259, 37
7350, 37
7402, 39
7421, 36
7484, 39
7500, 38
7696, 38
7735, 36
7822, 37
7891, 38
7990, 38
8052, 39
8063, 37
8380, 38
8405, 40
8486, 40
8513, 38
8641, 36
8747, 39
8833, 40
8989, 37
9009, 36
9015, 38
9131, 39
9150, 38
9229, 37
9288, 40
9355, 40
9424, 39
9648, 39
9687, 36
9755, 40
10027, 36
10091, 40
10243, 37
10286, 40
10291, 36
10299, 38
10615, 38
10730, 38
10993, 37
11041, 36
11088, 37
11107, 36
11092, 40
11143, 36
11723, 40
11755, 37
11773, 37
11831, 39
11811, 36
11948, 37
12119, 38
12134, 39
12242, 37
12429, 40
12528, 39
12544, 36
12606, 37
12646, 36
12858, 40
12883, 36
12876, 38
12918, 39
12946, 39
12984, 38
12996, 36
13003, 39
13030, 39
13289, 37
13455, 40
13559, 40
13585, 38
13592, 40
13696, 37
13944, 37
13957, 39
13998, 39
14070, 38
14194, 36
14366, 39
14375, 40
14418, 39
14422, 38
14458, 36
14487, 36
14661, 36
14714, 37
14780, 39
14802, 36
14824, 38
14835, 37
14861, 39
14942, 39
14964, 39
14999, 37
15037, 37
15097, 37
15230, 39
15245, 40
15399, 40
15478, 36
15514, 39
15524, 36
15614, 37
15780, 37
16019, 37
16009, 38
16209, 37
16226, 37
16259, 39
16256, 36
16368, 36
16359, 38
16554, 37
16592, 36
16635, 37
16634, 38
16672, 36
16708, 37
16836, 36
16922, 37
17073, 39
17120, 38
17124, 36
17248, 36
17275, 39
17276, 40
17392, 36
17593, 38
17678, 39
17808, 38
17905, 36
17953, 36
18222, 38
18303, 36
18351, 39
18480, 36
18605, 37
18922, 39
18947, 38
19096, 37
19115, 40
19138, 39
19162, 38
19258, 36
19449, 36
19594, 36
19687, 36
20052, 40
20085, 36
20103, 37
20180, 40
20282, 39
20313, 37
20559, 39
20654, 36
20718, 40
20789, 36
20838, 39
20916, 37
20981, 36
21123, 38
21187, 36
21282, 38
21292, 36
21366, 38
21473, 38
21514, 40
21615, 39
21724, 36
21810, 39
21839, 36
21846, 37
21861, 40
22045, 38
22063, 37
22113, 37
22123, 36
22256, 40
22264, 37
22287, 38
22274, 39
22330, 36
22355, 40
22530, 39
22678, 36
22668, 39
22867, 38
22892, 39
22953, 39
23060, 37
23251, 40
23358, 37
23367, 38
23376, 40
23499, 36
23663, 40
23780, 37
23821, 38
23834, 40
23901, 38
24157, 38
24230, 38
24263, 36
24310, 36
24315, 38
24388, 37
24415, 40
24489, 40
24569, 39
24626, 36
24700, 40
24753, 38
24826, 39
24814, 37
24851, 38
24866, 38
24974, 39
25028, 36
25082, 39
25141, 38
25164, 38
25280, 40
25293, 39
25331, 40
25430, 40
25475, 39
25828, 36
25994, 37
26187, 40
26225, 39
26256, 37
26275, 40
26648, 36
27031, 39
27046, 38
27147, 37
27200, 37
27235, 40
27341, 37
27482, 37
27489, 40
27603, 38
27747, 39
27784, 40
27872, 40
27903, 36
27992, 39
28065, 37
28270, 37
28357, 36
28479, 37
28593, 37
28611, 39
28645, 40
28686, 40
28832, 36
28860, 39
28931, 36
29116, 38
29133, 40
29152, 39
29179, 39
29301, 37
29352, 38
29526, 36
29761, 37
29826, 39
29940, 37
29927, 36
29921, 40
30227, 40
30253, 40
30458, 36
30483, 40
30594, 36
30734, 37
30757, 39
30831, 38
30858, 36
30969, 39
30985, 40
31035, 40
31108, 39
31195, 39
31362, 37
31383, 39
31428, 40
31439, 39
31543, 36
31689, 40
31786, 37
31839, 40
31910, 38
32034, 37
32188, 39
32196, 40
32279, 39
32356, 39
32361, 36
32372, 40
32418, 37
32601, 38
33104, 40
33135, 38
33155, 38
33171, 39
33177, 37
33245, 36
33241, 38
33319, 37
33349, 36
33511, 40
33599, 39
34079, 39
34139, 36
34211, 37
34208, 38
34296, 37
34395, 39
34402, 38
34463, 37
34534, 38
34571, 40
34681, 36
34839, 40
34897, 36
34957, 39
35204, 38
35258, 36
35261, 37
35268, 39
35349, 36
35350, 40
35496, 40
35502, 36
35533, 40
35642, 39
35875, 40
35841, 38
35996, 37
36187, 36
36584, 38
36621, 36
36827, 37
36908, 36
36925, 40
37019, 36
37093, 37
37177, 40
37255, 37
37298, 36
37660, 40
37746, 38
37816, 38
37861, 37
37919, 38
38058, 39
38157, 38
38204, 38
38330, 40
38335, 37
38361, 39
38388, 40
38669, 40
38722, 36
38782, 38
38815, 37
38913, 39
38918, 38
39041, 38
39120, 37
39151, 40
39244, 36
39310, 39
39343, 36
39395, 37
39432, 36
39507, 38
39631, 38
39694, 39
39888, 37
39890, 39
39893, 36
39922, 40
39914, 37
39984, 37
40156, 38
40189, 37
40205, 39
40245, 39
40338, 36
40466, 39
40594, 36
40666, 38
40672, 39
40721, 40
40803, 37
40809, 39
40856, 36
40888, 36
40989, 37
41184, 40
41345, 40
41573, 38
41636, 40
41645, 39
41741, 38
41760, 36
41765, 40
41806, 40
41859, 38
41862, 40
42038, 36
42317, 39
42404, 36
42518, 40
42586, 36
42634, 40
42640, 37
42637, 36
42750, 40
42881, 39
42919, 36
42944, 36
43099, 37
43098, 40
43103, 39
43191, 38
43423, 37
43439, 38
43439, 39
43867, 39
43886, 37
44200, 36
44238, 40
44265, 40
44437, 38
44442, 36
44447, 40
44511, 39
44618, 38
44649, 39
44672, 40
44735, 39
44927, 38
44969, 37
45004, 40
45324, 37
45418, 40
45513, 36
45555, 39
45564, 36
45588, 39
45640, 39
45643, 40
45677, 36
45703, 40
45830, 36
45931, 38
45938, 40
45987, 38
46070, 37
46073, 39
46131, 40
46372, 36
46413, 37
46502, 39
46642, 37
46757, 36
46989, 37
47000, 38
47094, 37
47130, 36
47262, 40
47260, 39
47468, 37
47471, 38
47568, 40
47577, 38
47698, 38
47742, 36
47785, 38
47826, 36
47838, 39
47846, 37
47919, 37
47888, 39
47997, 40
48029, 40
48074, 36
48124, 37
48191, 39
48196, 38
48238, 38
48305, 37
48364, 40
48399, 36
48396, 40
48426, 36
48513, 40
48536, 38
48598, 36
48636, 38
48628, 39
48681, 39
48931, 37
48944, 36
49001, 40
49147, 40
49178, 40
49390, 40
49399, 39
49437, 38
49473, 40
49571, 40
49815, 36
49832, 40
49848, 36
50226, 36
50298, 40
50356, 38
50400, 39
50426, 36
50430, 40
50545, 40
50714, 39
50727, 38
50759, 40
50834, 39
50900, 40
50999, 40
51091, 37
51174, 37
51205, 40
51303, 36
51397, 36
51427, 37
51498, 36
51532, 38
51559, 39
51562, 38
51677, 36
51697, 40
51725, 40
51833, 40
51908, 38
51971, 39
52022, 40
52038, 37
52244, 39
52245, 38
52421, 36
52458, 36
52510, 39
52531, 37
52699, 39
52881, 39
52901, 37
52969, 36
53032, 37
53092, 38
53150, 36
53185, 39
53420, 38
53664, 37
53722, 37
53785, 39
53811, 40
53848, 38
53893, 39
53943, 36
54017, 39
54136, 36
54171, 36
54189, 39
54268, 36
54274, 37
54282, 40
54373, 36
54430, 40
54650, 39
54961, 37
55107, 37
55162, 36
55183, 40
55243, 36
55310, 40
55329, 37
55351, 36
55397, 40
55545, 39
55544, 40
55579, 36
55595, 38
55871, 37
56054, 39
56154, 36
56164, 38
56272, 40
56289, 38
56305, 37
56318, 40
56419, 36
56449, 36
56544, 36
56753, 38
56835, 40
56882, 37
57195, 38
57279, 36
57369, 39
57686, 39
58246, 37
58288, 37
58372, 36
58552, 40
58616, 37
58682, 39
58777, 40
58815, 37
58893, 38
58913, 39
58926, 38
58969, 36
59008, 39
59038, 39
59178, 40
59227, 40
59230, 37
59266, 40
59286, 37
59453, 38
59603, 39
59690, 38
59747, 38
59779, 36
59808, 37
59927, 40
60056, 36
60096, 36
60139, 36
60287, 36
60373, 38
60421, 36
60463, 38
60558, 38
60601, 37
60648, 38
60729, 40
60755, 38
60758, 40
60848, 38
60948, 36
60967, 38
61122, 40
61176, 40
61283, 36
61359, 38
61455, 37
61475, 37
61568, 36
61574, 40
61616, 40
61684, 37
61714, 39
61725, 37
61776, 37
61833, 38
61995, 36
61999, 40
62029, 38
62157, 39
62193, 40
62380, 36
62385, 39
62496, 39
62552, 36
62605, 39
62640, 37
62689, 40
62786, 36
62855, 39
62863, 37
62968, 37
62990, 39
63083, 37
63133, 36
63179, 37
63227, 40
63262, 38
63296, 38
63471, 37
63517, 37
63638, 37
63882, 40
63913, 39
63916, 36
63919, 38
63919, 40
64026, 38
64043, 36
64042, 39
64160, 36
64165, 38
64251, 40
64262, 37
64300, 38
64356, 37
64401, 40
64442, 37
64646, 37
64707, 36
65066, 37
65075, 38
65109, 39
65155, 38
65167, 39
65182, 36
65191, 39
65284, 37
65348, 38
65487, 36
65684, 38
65738, 38
65805, 38
65888, 39
65918, 37
65948, 40
65976, 38
66093, 37
66346, 37
66482, 36
66520, 39
66568, 40
66617, 39
66657, 36
66667, 37
66681, 40
66696, 38
66729, 38
66868, 38
66900, 39
67004, 37
67013, 36
67049, 39
67058, 36
67085, 37
67088, 38
67126, 38
67267, 39
67351, 40
67509, 40
67586, 37
67612, 38
67677, 40
67782, 40
68050, 37
68073, 40
68077, 39
68098, 37
68100, 40
68126, 38
68110, 39
68177, 37
68204, 40
68222, 38
68311, 36
68320, 39
68426, 38
68760, 36
69296, 38
69469, 37
69566, 40
69618, 38
69686, 39
69666, 36
69767, 40
69811, 39
69909, 37
69946, 37
70079, 40
70089, 38
70164, 36
70187, 38
70204, 36
70367, 38
70405, 37
70765, 36
70774, 40
70841, 39
70973, 39
71013, 37
71089, 36
71161, 40
71238, 36
71232, 39
71277, 39
71339, 38
71362, 37
71422, 36
71496, 37
71768, 38
71788, 37
71791, 39
72014, 40
72097, 38
72117, 36
72177, 37
72222, 39
72386, 40
72437, 40
72456, 38
72597, 39
72627, 39
72677, 37
72677, 39
72757, 40
72786, 36
72877, 36
72954, 40
72971, 38
73225, 39
73268, 36
73457, 36
73582, 38
73736, 36
73783, 37
73808, 40
73843, 37
73854, 39
73882, 40
74051, 40
74175, 38
74234, 40
74275, 38
74359, 39
74411, 38
74430, 36
74442, 38
74562, 39
74892, 38
74933, 37
74929, 36
75136, 36
75168, 40
75202, 37
75278, 40
75459, 39
75495, 37
75516, 38
75565, 39
75572, 37
75608, 38
75658, 38
75757, 37
75830, 39
75849, 38
76142, 37
76241, 36
76237, 39
76250, 40
76282, 36
76306, 38
76388, 40
76444, 38
76588, 37
76635, 36
76952, 37
77028, 37
77113, 36
77023, 40
77250, 39
77269, 36
77320, 36
77394, 36
77342, 40
77471, 40
77536, 40
77621, 39
77634, 40
77684, 37
77771, 37
77807, 37
77832, 39
78027, 38
78032, 36
78133, 40
78148, 38
78212, 39
78266, 39
78304, 39
78435, 38
78444, 40
78462, 38
78652, 37
78662, 39
78739, 40
78816, 40
78870, 40
78917, 36
78948, 40
79114, 37
79130, 37
79187, 37
79195, 40
79310, 36
79408, 38
79431, 39
79563, 39
79610, 37
79674, 40
79761, 36
79760, 39
79799, 40
79886, 36
79972, 37
80135, 36
80314, 37
80452, 39
80546, 39
80653, 37
80728, 36
80772, 36
80807, 39
80872, 40
80998, 38
81184, 40
81205, 38
81257, 39
81308, 39
81317, 37
81325, 40
81458, 40
81533, 37
81560, 39
81561, 40
81609, 36
81650, 37
81654, 36
81705, 38
81793, 37
81805, 36
81921, 38
81912, 37
81974, 37
82001, 36
82143, 39
82162, 36
82200, 37
82298, 40
82340, 38
82466, 39
82518, 37
82552, 38
82705, 40
82821, 39
82860, 40
82870, 37
82910, 39
82915, 37
83024, 37
83131, 36
83186, 40
83371, 36
83448, 38
83452, 39
83807, 38
83844, 38
84108, 38
84315, 39
84341, 36
84397, 40
84559, 38
84625, 36
84620, 39
84727, 39
84753, 37
84777, 36
85036, 38
85129, 38
85180, 40
85241, 38
85369, 37
85395, 40
85404, 36
85532, 38
85567, 40
85591, 36
85615, 40
85636, 38
85824, 37
85915, 37
85967, 36
86099, 39
86173, 36
86333, 38
86360, 36
86629, 37
86744, 37
86770, 38
86789, 37
86819, 38
86912, 36
86920, 40
86953, 38
87061, 38
87117, 36
87157, 38
87183, 38
87237, 36
87214, 37
87241, 40
87381, 39
87380, 36
87461, 37
87726, 40
87736, 39
87942, 39
88095, 39
88098, 38
88112, 40
88196, 39
88232, 36
88326, 38
88329, 37
88329, 39
88345, 38
88380, 36
88532, 37
88528, 40
88589, 39
88631, 38
88717, 39
88768, 40
88811, 39
88873, 40
88909, 40
89094, 36
89119, 38
89128, 39
89155, 38
89177, 40
89327, 39
89401, 37
89521, 40
89525, 37
89690, 36
89696, 37
89809, 38
89847, 38
89888, 39
89924, 36
89927, 40
90037, 38
90091, 40
90102, 36
90179, 40
90199, 38
90302, 36
90319, 40
90436, 40
90535, 38
90579, 37
90699, 40
90728, 36
90746, 39
90878, 36
90888, 40
91047, 40
91198, 36
91382, 40
91457, 38
91707, 40
91912, 40
92181, 40
92265, 39
92421, 36
92426, 37
92599, 36
92614, 39
92637, 36
92668, 37
92801, 37
92841, 36
92914, 37
92938, 39
92955, 37
93038, 36
93138, 40
93195, 36
93299, 38
93463, 36
93643, 37
93823, 38
93845, 40
93866, 37
93925, 40
93959, 38
94003, 40
94029, 37
94111, 39
94316, 39
94320, 40
94419, 38
94818, 37
94864, 37
94963, 40
94990, 38
95012, 40
95067, 37
95091, 38
95125, 40
95227, 40
95296, 37
95420, 38
95437, 36
95443, 40
95483, 40
95704, 40
95767, 36
95816, 39
95939, 37
95947, 39
96236, 39
96437, 37
96481, 40
96611, 40
96642, 36
96744, 37
96884, 39
97082, 36
97088, 40
97095, 39
97124, 40
97219, 40
97252, 39
97269, 37
97362, 40
97365, 36
97514, 38
97667, 36
97702, 38
97866, 38
97916, 39
97944, 39
97995, 39
98035, 37
98079, 40
98071, 37
98128, 39
98121, 37
98140, 38
98183, 36
98188, 38
98239, 39
98427, 40
98649, 39
98779, 37
98844, 36
98963, 37
99057, 39
99073, 36
99131, 40
99502, 40
99525, 40
99562, 36
99659, 38
99684, 36
99916, 39
100144, 37
100213, 39
100205, 40
100242, 38
100343, 37
100353, 40
100460, 36
100507, 36
100467, 37
100473, 40
100696, 37
100775, 39
100784, 36
100937, 36
101079, 38
101122, 36
101174, 38
101224, 39
101309, 39
101343, 38
101359, 39
101383, 40
101424, 37
101573, 40
101587, 39
101661, 38
101719, 37
101823, 40
101857, 36
101913, 37
101934, 40
101926, 38
101961, 40
102026, 39
102137, 38
102174, 38
102186, 40
102262, 39
102307, 36
102410, 40
102421, 36
102472, 36
102497, 37
102495, 38
102595, 38
102602, 40
102661, 36
102766, 39
102842, 38
103001, 37
103027, 38
103031, 39
103059, 36
103481, 39
103647, 36
103685, 39
103733, 36
103718, 40
103775, 36
103853, 36
103927, 36
103981, 39
104026, 39
104048, 37
104229, 36
104239, 37
104242, 38
104324, 39
104354, 38
104361, 39
104492, 37
104554, 40
104692, 36
104831, 36
104843, 38
104839, 39
104886, 37
104961, 38
104992, 36
104997, 37
105092, 40
105126, 36
105455, 39
105530, 37
105558, 37
105570, 40
105682, 36
105711, 39
105754, 37
105973, 39
105980, 36
106006, 37
106078, 38
106078, 39
106079, 40
106133, 36
106188, 38
106224, 38
106285, 40
106401, 36
106470, 38
106504, 38
106583, 39
106612, 36
106666, 37
106679, 40
106772, 36
106831, 38
106899, 40
106963, 36
107013, 36
107368, 39
107406, 39
107606, 39
107615, 36
107690, 38
107809, 39
107856, 40
107903, 39
107941, 40
108111, 36
108319, 38
108380, 40
108420, 37
108488, 38
108598, 37
108640, 40
108764, 36
108887, 36
108943, 40
108984, 36
109061, 40
109062, 39
109158, 40
109186, 39
109201, 36
109265, 38
109278, 40
109285, 37
109335, 36
109635, 39
109697, 38
109806, 39
109859, 39
109926, 40
109929, 38
109935, 36
109980, 37
110006, 40
110011, 37
110031, 38
110065, 39
110113, 36
110348, 39
110462, 39
110582, 39
110693, 38
110689, 40
110748, 37
110744, 40
110783, 36
110825, 36
110858, 38
110937, 36
110984, 36
111074, 39
111089, 37
111085, 36
111117, 37
111189, 36
111212, 37
111226, 40
111324, 37
111387, 36
111731, 39
111885, 38
111948, 36
112129, 40
112345, 38
112390, 39
112470, 40
112483, 39
112622, 40
112651, 37
112685, 39
112958, 40
112951, 37
113018, 39
113073, 37
113108, 37
113147, 37
113188, 36
113288, 38
113505, 36
113540, 38
113583, 36
113716, 37
113720, 38
113795, 40
114109, 36
114242, 40
114253, 39
114260, 37
114397, 40
114470, 37
114460, 39
114487, 38
114500, 40
114543, 40
114595, 39
114737, 39
114760, 37
114766, 40
115014, 40
115136, 39
115292, 40
115446, 37
115558, 36
115749, 39
115867, 36
115888, 39
116043, 39
116069, 39
116107, 40
116208, 40
116507, 40
116621, 37
116639, 38
116731, 38
116806, 37
116875, 39
116913, 39
116941, 40
116995, 36
117031, 40
117039, 36
117117, 40
117177, 37
117218, 36
117230, 40
117289, 37
117348, 38
117348, 40
117406, 39
117430, 39
117484, 40
117526, 39
117586, 38
117589, 37
117648, 39
117769, 36
117807, 38
117845, 39
117883, 37
118113, 36
118141, 39
118269, 38
118367, 40
118380, 39
118398, 40
118422, 39
118500, 38
118513, 36
118553, 38
118604, 39
118781, 37
118888, 39
118907, 37
118936, 38
118968, 39
119101, 39
119112, 37
119108, 36
119113, 40
119173, 40
119212, 37
119223, 36
119223, 39
119227, 40
119256, 36
119311, 39
119380, 40
119455, 39
119473, 36
119490, 37
119552, 36
119661, 37
119752, 36
119938, 39
119988, 39
120020, 39
120071, 38
120201, 38
120484, 39
120522, 36
120531, 37
120532, 39
120952, 39
120999, 39
121041, 39
121085, 40
121146, 39
121182, 36
121207, 40
121220, 36
121274, 37
121550, 37
121572, 37
121588, 38
121616, 36
121799, 40
121825, 38
121922, 39
122054, 37
122051, 38
122067, 36
122097, 40
122097, 38
122307, 36
122315, 37
122575, 36
122616, 39
122619, 40
122659, 38
122650, 39
122679, 37
122764, 37
123123, 36
123168, 38
123344, 38
123349, 37
123406, 36
123481, 38
123605, 37
123603, 39
123676, 40
123779, 40
123772, 36
123859, 40
123917, 36
123937, 37
123979, 40
124053, 38
124154, 37
124210, 36
124226, 40
124523, 38
124623, 37
124624, 40
124651, 37
124679, 38
124689, 39
124860, 37
124909, 38
124955, 40
125005, 37
125068, 38
125138, 39
125336, 38
125541, 38
125544, 37
125795, 39
125857, 38
125887, 40
125994, 40
126016, 36
126112, 39
126269, 38
126279, 36
126360, 37
126408, 38
126548, 36
126560, 37
126551, 39
126575, 36
126676, 38
126766, 40
126901, 36
126996, 40
127010, 37
127052, 38
127067, 39
127131, 39
127434, 40
127556, 37
127585, 38
127766, 37
127818, 39
128018, 38
128161, 36
128219, 40
128306, 39
128593, 37
128711, 36
128777, 39
128834, 36
128951, 39
128996, 38
129058, 36
129344, 36
129589, 40
129615, 38
129652, 38
129775, 40
129859, 39
129906, 40
129954, 38
129989, 36
129997, 38
130202, 39
130318, 39
130421, 37
130450, 38
130624, 40
130834, 39
130935, 39
131088, 38
131094, 39
131134, 37
131141, 36
131362, 37
131357, 38
131582, 36
131639, 40
131672, 40
131784, 38
131826, 38
131977, 38
131969, 40
132010, 36
132004, 38
132095, 36
132091, 39
132118, 40
132348, 37
132419, 40
132532, 39
132559, 38
132623, 37
132634, 36
132904, 38
132977, 38
133033, 39
133156, 36
133323, 40
133364, 40
133487, 39
133527, 37
133612, 39
133638, 40
133660, 39
133665, 38
133704, 36
133755, 38
133764, 37
133803, 39
133835, 40
133861, 36
134136, 40
134315, 36
134405, 38
134419, 39
134460, 36
134512, 36
134519, 38
134551, 40
134576, 39
134595, 37
134607, 36
134757, 39
134797, 36
134814, 40
134890, 39
134907, 36
134950, 37
135040, 38
135127, 40
135148, 37
135157, 39
135406, 37
135494, 40
135545, 36
135561, 39
135638, 37
135680, 40
135910, 40
135907, 38
135943, 36
136087, 40
136138, 36
136242, 36
136277, 36
136399, 38
136569, 37
136591, 36
136624, 39
136642, 38
136687, 37
136690, 38
136774, 36
136818, 37
136902, 37
136926, 40
136994, 39
137128, 38
137288, 36
137346, 37
137447, 38
137538, 39
137549, 36
137569, 39
137632, 37
137913, 38
137893, 36
138092, 39
138234, 37
138489, 37
138522, 39
138534, 36
138577, 40
138833, 38
138839, 39
138881, 40
138937, 36
139015, 38
139054, 36
139131, 39
139186, 36
139199, 37
139287, 36
139343, 38
139515, 40
139680, 36
139676, 37
139886, 40
140052, 40
140136, 37
140186, 37
140271, 39
140331, 40
140354, 38
140382, 37
140381, 40
140385, 36
140472, 39
140532, 39
140566, 37
140780, 36
140793, 40
140825, 36
140858, 37
140962, 39
140985, 37
141137, 36
141293, 36
141323, 37
141729, 37
141811, 40
142208, 40
142373, 36
142393, 40
142426, 37
142429, 40
142458, 37
142622, 37
142896, 36
142913, 38
142930, 40
142981, 39
143065, 36
143138, 38
143221, 36
143274, 40
143366, 36
143380, 40
143429, 36
143463, 39
143508, 38
143577, 40
143641, 40
143660, 37
143684, 38
143750, 37
143781, 40
143837, 40
144001, 40
144022, 36
144173, 38
144222, 37
144295, 39
144319, 36
144361, 36
144458, 40
144495, 36
144529, 37
144618, 39
144627, 37
145075, 40
145339, 38
145405, 39
145511, 38
145526, 36
145624, 40
145636, 37
145663, 36
145784, 37
145855, 37
145889, 36
145925, 39
146002, 37
146030, 40
146033, 38
146068, 39
146123, 36
146144, 39
146170, 38
146319, 36
146541, 37
146627, 38
146671, 38
146718, 36
146883, 38
146993, 38
147035, 39
147042, 36
147264, 38
147435, 37
147657, 37
147756, 39
147861, 37
147973, 37
148028, 39
148122, 37
148215, 38
148501, 36
148536, 37
148563, 38
148664, 40
148705, 38
148705, 40
148743, 39
148761, 40
148781, 39
148891, 40
148915, 38
148961, 36
149011, 39
149021, 40
149130, 38
149157, 36
149232, 39
149319, 37
149326, 38
149356, 38
149523, 38
149587, 40
149648, 40
149688, 36
149699, 37
149744, 40
149806, 37
149871, 36
150031, 36
150033, 38
150027, 37
150061, 38
150118, 38
150169, 38
150401, 38
150542, 37
150640, 37
150713, 40
150730, 37
150742, 36
150818, 40
150851, 36
150876, 39
150923, 39
150980, 39
151024, 39
151043, 36
151134, 40
151267, 36
151341, 38
151382, 38
151503, 37
151808, 38
151879, 40
152051, 37
152195, 40
152366, 37
152380, 38
152398, 37
152409, 36
152418, 40
152503, 36
152549, 36
152623, 37
152753, 37
152808, 37
152866, 38
152878, 36
152903, 37
152915, 36
152927, 40
153060, 40
153068, 37
153068, 36
153222, 38
153340, 37
153603, 39
153601, 40
153785, 36
153795, 38
154046, 37
154100, 37
154131, 36
154217, 36
154310, 37
154505, 38
154533, 40
154584, 37
154605, 36
154715, 36
154770, 36
154811, 37
154847, 36
154926, 36
154946, 39
155114, 38
155295, 39
155403, 36
155551, 40
155807, 39
155817, 36
155960, 38
156004, 38
156055, 38
156071, 40
156200, 40
156344, 40
156402, 37
156602, 37
156623, 40
156736, 37
156767, 38
156807, 40
156844, 37
156877, 36
156949, 38
156967, 39
157064, 37
157086, 39
157073, 36
157135, 39
157219, 39
157228, 36
157248, 37
157275, 38
157311, 38
157480, 38
157507, 39
157506, 40
157530, 39
157562, 38
157690, 36
157721, 37
157820, 39
157910, 36
157937, 40
157966, 37
158345, 38
158513, 40
158559, 40
158619, 39
158824, 39
158931, 36
158955, 37
159046, 39
159278, 39
159308, 37
159400, 39
159550, 40
159679, 36
159717, 40
159858, 39
159922, 39
159976, 37
160026, 39
160040, 38
160098, 37
160128, 39
160160, 40
160229, 40
160277, 36
160307, 37
160567, 40
160674, 39
160836, 39
160859, 37
160901, 37
161035, 38
161061, 37
161181, 37
161208, 38
161384, 40
161661, 36
161811, 39
161864, 40
162021, 37
162030, 36
162044, 38
162058, 37
162092, 37
162132, 38
162179, 39
162208, 37
162411, 36
162440, 38
162498, 40
162497, 39
162506, 36
162552, 38
162574, 37
162589, 40
162684, 39
162716, 38
162736, 39
162889, 37
162922, 40
162958, 40
162984, 38
163094, 38
163151, 36
163236, 37
163333, 36
163343, 39
163374, 39
163429, 39
163619, 40
163758, 36
163858, 39
164005, 37
164017, 36
164346, 40
164440, 37
164480, 38
164527, 39
164578, 38
164608, 40
164668, 39
164683, 36
164695, 38
164720, 40
164785, 37
164840, 38
164880, 38
165015, 37
165125, 37
165143, 36
165152, 37
165171, 38
165231, 39
165349, 37
165415, 36
165452, 38
165646, 36
165701, 39
165845, 38
166047, 40
166100, 40
166141, 37
166201, 40
166243, 39
166350, 39
166426, 40
166439, 37
166646, 37
166679, 40
166677, 37
166699, 36
166734, 39
166945, 37
167017, 39
167129, 38
167162, 38
167324, 37
167396, 38
167410, 36
167623, 37
167726, 37
167900, 40
167939, 38
167949, 40
168177, 39
168200, 37
168326, 37
168451, 37
168475, 38
168523, 36
168622, 37
168739, 36
169101, 38
169190, 36
169264, 37
169283, 38
169264, 39
169391, 38
169395, 37
169407, 39
169421, 38
169618, 38
169662, 37
169782, 40
169872, 39
169889, 40
170161, 37
170500, 36
170629, 38
170727, 38
170755, 38
170773, 40
170831, 38
170934, 37
171034, 37
171043, 39
171075, 36
171078, 40
171121, 37
171158, 37
171166, 39
171474, 38
171468, 36
171583, 37
171618, 37
171717, 39
171774, 40
171818, 39
171827, 36
171836, 38
172051, 38
172091, 39
172135, 39
172259, 39
172335, 38
172383, 37
172413, 37
172417, 40
172452, 39
172517, 38
172552, 38
172708, 38
172715, 40
172743, 36
172777, 38
172861, 39
172918, 38
172951, 36
173055, 39
173099, 39
173234, 39
173281, 38
173389, 37
173571, 40
173587, 37
173607, 39
173652, 36
173738, 38
173800, 40
173868, 36
173941, 39
174018, 37
174063, 36
174073, 39
174228, 37
174379, 36
174450, 38
174517, 38
174580, 36
174604, 36
174714, 40
174767, 38
174953, 36
175304, 38
175659, 36
175796, 40
175939, 36
176090, 40
176164, 36
176206, 39
176223, 40
176255, 37
176279, 37
176513, 37
176701, 37
176741, 36
176867, 38
177273, 39
177305, 39
177393, 40
177431, 39
177500, 40
177540, 38
177725, 39
177763, 37
177815, 36
177889, 39
177940, 38
177972, 36
178089, 39
178295, 38
178432, 37
178477, 38
178535, 39
178558, 37
178584, 38
178655, 39
178806, 40
178816, 39
178847, 37
178914, 39
179162, 37
179466, 38
179583, 38
179665, 40
179672, 38
179805, 40
180017, 40
180102, 38
180152, 38
180266, 36
180301, 40
180327, 40
180410, 38
180511, 37
180614, 38
180641, 38
180651, 40
181004, 36
181006, 40
181163, 37
181262, 37
181341, 40
181369, 40
181413, 39
181575, 40
181593, 37
181650, 40
181991, 40
182007, 37
182312, 38
182353, 36
182447, 36
182474, 37
182476, 36
182627, 37
182639, 40
183062, 39
183078, 37
183086, 36
183260, 40
183281, 39
183328, 39
183381, 37
183473, 39
183501, 38
183516, 36
183583, 38
183699, 40
183759, 36
183785, 38
183948, 37
184056, 36
184163, 40
184200, 37
184236, 36
184250, 37
184281, 36
184285, 39
184520, 38
184564, 39
184615, 40
184720, 38
184738, 36
184775, 37
184918, 40
185090, 36
185147, 39
185222, 40
185246, 38
185288, 39
185324, 40
185364, 38
185410, 38
185466, 40
185502, 36
185516, 38
185576, 37
185600, 36
185630, 36
185942, 36
186026, 40
186056, 39
186138, 37
186616, 39
186639, 37
186825, 37
186881, 40
186975, 40
187125, 36
187241, 40
187358, 40
187533, 39
187573, 38
187613, 40
187693, 36
187708, 39
187829, 40
187879, 37
187943, 39
188012, 36
188063, 36
188121, 39
188339, 36
188534, 38
188541, 40
188572, 39
188569, 40
188706, 38
188739, 38
188862, 37
189101, 38
189162, 37
189170, 36
189247, 38
189440, 37
189455, 36
189472, 38
189558, 38
189692, 37
189735, 40
189792, 39
189823, 36
189921, 40
190061, 39
190108, 39
190155, 37
190237, 36
190265, 37
190404, 37
190411, 38
190427, 40
190572, 36
190593, 38
190701, 36
190715, 39
190826, 39
190970, 39
191045, 38
191073, 39
191129, 40
191169, 38
191189, 39
191223, 38
191233, 37
191377, 39
191414, 38
191575, 38
191626, 37
191711, 38
191845, 36
191854, 37
191892, 36
191898, 37
191982, 37
192094, 37
192111, 38
192168, 36
192259, 36
192290, 37
192368, 40
192382, 39
192416, 39
192429, 36
192441, 38
192523, 37
192767, 37
192810, 37
192847, 38
192899, 39
193046, 39
193169, 37
193189, 36
193232, 36
193238, 38
193264, 40
193354, 38
193374, 40
193397, 40
193467, 37
193478, 39
193559, 37
193710, 40
193735, 38
193743, 36
193760, 37
193880, 37
193947, 36
194006, 37
194050, 38
194144, 37
194221, 39
194236, 37
194360, 38
194351, 36
194411, 37
194541, 36
194594, 39
194653, 36
194714, 39
194833, 36
194858, 36
195119, 38
195224, 40
195413, 38
195439, 38
195454, 39
195537, 38
195559, 39
195586, 36
195642, 38
195778, 37
195886, 38
195911, 38
195917, 40
196101, 40
196254, 39
196276, 36
196337, 38
196367, 38
196425, 40
196447, 39
196608, 37
196649, 40
196835, 38
196962, 37
197034, 40
197360, 39
197548, 36
197582, 40
197733, 38
197739, 40
197778, 38
197819, 38
197994, 39
198054, 40
198123, 37
198182, 40
198196, 39
198199, 37
198222, 36
198222, 40
198253, 36
198294, 38
198294, 36
198609, 37
198627, 40
198666, 36
198840, 36
198901, 37
198891, 39
198922, 36
199000, 39
199057, 38
199076, 36
199109, 39
199121, 40
199213, 39
199339, 38
199360, 37
199415, 37
199442, 38
199572, 38
199613, 39
199648, 36
199837, 38
199863, 40
199887, 37
199909, 40
199925, 37
200183, 37
200194, 40
200211, 36
200221, 39
200300, 40
200392, 38
200406, 37
200432, 36
200603, 37
200685, 40
200759, 38
200801, 40
200833, 38
200854, 37
201081, 37
201109, 40
201145, 39
201401, 38
201519, 39
201517, 37
201520, 40
201640, 37
201735, 37
201768, 37
201915, 38
202021, 38
202057, 39
202244, 36
202512, 37
202561, 39
202679, 37
203047, 39
203085, 39
203110, 37
203130, 40
203471, 40
203571, 36
203648, 38
203856, 38
203979, 38
204012, 38
204078, 40
204074, 39
204132, 40
204198, 37
204267, 36
204260, 39
204325, 38
204410, 38
204414, 37
204476, 38
204547, 39
204557, 37
204726, 36
204767, 40
204822, 40
205003, 37
205041, 36
205109, 36
205132, 39
205224, 38
205266, 36
205533, 40
205591, 40
205688, 38
205687, 36
205723, 39
205725, 38
205791, 40
205836, 39
205909, 37
205938, 36
206048, 38
206084, 37
206114, 40
206117, 39
206222, 40
206254, 36
206311, 40
206379, 39
206617, 38
206628, 37
206785, 36
206792, 39
206880, 37
207050, 38
207157, 37
207279, 39
207376, 39
207353, 40
207496, 36
207533, 38
207547, 37
207701, 40
207851, 37
207951, 37
208091, 38
208121, 38
208137, 40
208267, 36
208340, 39
208477, 38
208498, 38
208633, 39
208698, 37
208765, 36
209042, 40
209108, 37
209151, 38
209155, 36
209246, 39
209262, 40
209402, 40
209494, 38
209505, 40
209641, 36
209646, 37
209742, 37
209990, 40
210120, 37
210197, 37
210235, 37
210240, 38
210364, 36
210495, 38
210649, 39
210765, 39
210783, 40
210890, 38
210942, 36
210987, 36
211194, 37
211291, 37
211324, 37
211331, 36
211341, 40
211451, 39
211499, 36
211508, 38
211546, 38
211805, 39
211823, 38
211873, 36
211896, 40
211920, 40
211981, 39
212115, 40
212140, 39
212149, 36
212188, 36
212317, 37
212593, 37
212611, 38
212663, 39
212786, 39
212979, 38
212991, 39
213034, 39
213064, 36
213130, 37
213145, 36
213221, 40
213249, 38
213287, 36
213511, 39
213533, 36
213648, 38
213694, 38
213688, 39
213732, 36
213887, 36
213967, 37
214029, 38
214110, 36
214119, 40
214145, 38
214252, 36
214330, 37
214445, 38
214439, 40
214576, 39
214682, 36
214695, 39
214847, 37
214869, 40
214956, 36
214974, 38
214967, 37
214987, 40
215051, 39
215087, 40
215352, 40
215389, 38
215517, 39
215533, 40
215550, 38
215573, 37
215570, 40
215727, 37
215767, 36
215770, 38
215860, 36
215869, 38
215956, 37
216064, 38
216178, 38
216252, 36
216382, 36
216408, 40
216445, 38
216477, 36
216507, 37
216626, 36
216694, 37
216737, 40
216768, 39
216815, 36
216818, 40
216822, 38
216876, 37
216907, 40
217088, 36
217390, 36
217408, 39
217610, 37
217630, 38
217650, 40
217659, 37
217710, 37
217729, 36
217850, 40
217875, 36
217969, 39
218015, 39
218067, 36
218166, 40
218208, 39
218235, 37
218284, 36
218305, 38
218365, 37
218571, 39
218683, 38
218697, 39
218843, 39
218942, 38
219128, 36
219140, 37
219233, 36
219404, 38
219413, 40
219431, 36
219434, 38
219531, 37
219559, 38
219665, 37
219685, 36
219757, 40
219792, 39
219846, 36
219873, 38
219936, 37
220085, 36
220184, 36
220230, 36
220241, 37
220281, 37
220341, 37
220363, 36
220440, 38
220520, 37
220567, 36
220864, 38
221025, 37
221027, 38
221425, 38
221442, 36
221493, 40
221497, 37
221518, 38
221644, 39
221774, 39
221870, 40
221911, 38
221959, 37
222018, 38
222185, 36
222353, 38
222550, 37
222661, 37
222798, 39
222927, 36
222975, 38
223064, 38
223119, 36
223154, 39
223159, 40
223331, 36
223358, 37
223426, 40
223551, 38
223696, 36
223754, 39
223974, 37
223973, 36
224017, 36
224127, 40
224166, 40
224195, 37
224201, 39
224326, 38
224404, 39
224519, 37
224696, 37
224737, 37
224824, 36
224932, 38
225015, 37
225013, 40
225070, 39
225213, 37
225286, 40
225458, 37
225580, 37
225588, 36
225591, 38
225717, 37
225814, 36
225819, 38
225922, 37
225934, 38
225964, 37
226114, 38
226163, 38
226198, 38
226270, 36
226297, 38
226341, 40
226372, 37
226375, 36
226469, 39
226662, 38
226683, 36
226676, 37
226871, 36
226949, 39
227033, 36
227073, 36
227070, 40
227188, 40
227414, 40
227446, 38
227709, 39
227776, 38
227852, 40
227895, 39
227922, 39
227974, 37
228078, 39
228118, 39
228327, 40
228337, 39
228356, 40
228381, 38
228415, 36
228506, 36
228579, 36
228663, 37
228793, 40
229116, 40
229246, 37
229434, 38
229468, 36
229526, 38
229569, 38
229631, 37
229842, 36
229847, 37
230042, 38
230109, 40
230180, 40
230285, 37
230310, 40
230332, 36
230354, 39
230449, 39
230672, 36
230753, 38
230895, 39
230999, 37
231028, 38
231074, 37
231101, 40
231292, 40
231332, 39
231396, 40
231402, 38
231405, 37
231450, 37
231549, 38
231631, 40
231728, 36
231760, 36
231847, 40
232004, 38
232027, 36
232157, 36
232305, 37
232496, 36
232542, 39
232636, 40
232694, 37
232760, 36
232779, 36
232796, 38
233008, 40
233084, 39
233214, 37
233407, 40
233600, 38
233837, 39
233979, 37
234064, 39
234081, 36
234167, 39
234544, 38
234721, 37
234729, 36
234902, 36
234898, 38
235088, 39
235160, 38
235170, 36
235180, 37
235203, 36
235257, 37
235323, 38
235398, 40
235437, 36
235458, 38
235484, 37
235487, 38
235583, 37
235692, 36
235703, 37
235721, 38
235811, 38
235850, 40
235888, 36
235895, 40
235965, 39
236138, 37
236154, 38
236172, 40
236308, 38
236311, 36
236346, 38
236352, 40
236383, 38
236458, 40
236565, 40
236577, 36
236606, 38
236898, 37
236921, 40
236931, 36
236936, 37
236951, 40
236964, 38
237056, 40
237059, 39
237132, 36
237159, 40
237175, 37
237287, 38
237291, 36
237336, 40
237367, 39
237415, 38
237538, 36
237552, 37
237559, 39
237582, 36
237755, 39
237774, 38
237797, 40
237840, 40
237906, 38
238119, 38
238196, 36
238390, 37
238572, 36
238699, 37
238764, 37
238814, 40
238842, 36
238945, 40
238991, 37
239040, 39
239122, 36
239179, 38
239286, 38
239346, 36
239351, 40
239447, 40
239481, 39
239495, 36
239644, 40
239701, 38
239713, 39
239800, 37
239898, 36
239950, 38
239977, 39
240022, 39
240162, 36
240435, 36
240422, 38
240449, 37
240504, 36
240509, 40
240540, 38
240637, 38
240655, 39
240684, 39
240740, 39
240858, 36
240876, 37
241005, 37
241025, 40
241072, 39
241097, 37
241109, 36
241260, 40
241376, 38
241426, 36
241484, 37
241511, 40
241646, 40
241645, 39
241751, 40
241882, 38
242105, 37
242133, 37
242270, 39
242326, 40
242800, 36
242846, 36
243044, 40
243055, 37
243170, 39
243194, 36
243218, 38
243666, 40
243669, 39
243700, 38
243959, 37
243974, 39
243990, 36
244036, 37
244067, 40
244260, 36
244275, 40
244292, 36
244428, 38
244550, 36
244835, 39
244910, 40
244957, 37
245153, 37
245267, 37
245341, 40
245478, 39
245480, 40
245516, 36
245572, 40
245694, 37
245730, 38
245774, 37
245836, 38
245967, 37
246023, 37
246017, 38
246029, 39
246116, 36
246198, 36
246211, 40
246350, 37
246388, 37
246430, 38
246454, 36
246617, 37
246638, 38
246677, 36
246722, 38
246754, 39
246798, 40
246802, 37
246880, 40
247011, 40
247038, 38
247085, 36
247125, 37
247167, 40
247166, 39
247214, 36
247219, 37
247283, 39
247320, 37
247322, 40
247409, 38
247427, 36
247437, 39
247664, 39
247714, 36
247746, 38
247801, 37
248080, 40
248092, 37
248113, 40
248127, 38
248312, 40
248338, 37
248344, 36
248468, 37
248501, 39
248547, 39
248589, 39
248639, 37
248649, 38
248661, 37
248739, 40
248880, 40
248916, 36
248923, 39
248949, 38
248958, 40
249008, 36
248999, 40
249122, 38
249302, 40
249333, 38
249420, 40
249454, 36
249540, 38
249621, 36
249751, 39
249798, 38
249838, 37
249877, 39
249940, 40
249997, 40
250261, 36
250276, 39
250265, 40
250281, 38
250339, 37
250378, 38
250454, 37
250457, 39
250508, 39
250540, 36
250597, 37
250929, 38
250924, 39
250967, 40
251021, 36
251105, 40
251137, 40
251225, 36
251276, 36
251394, 39
251432, 36
251605, 38
251612, 36
251611, 40
251652, 36
251655, 40
251678, 38
251760, 37
251863, 36
251897, 36
251940, 36
251973, 39
252025, 40
252090, 39
252262, 36
252398, 37
252582, 37
252587, 39
252597, 36
252721, 39
252781, 39
252850, 40
253241, 38
253244, 40
253245, 39
253289, 37
253353, 38
253398, 40
253505, 36
253516, 39
253584, 40
253609, 37
253622, 38
253630, 36
253712, 38
253722, 40
253750, 38
253911, 37
253954, 38
254052, 40
254102, 38
254131, 36
254321, 39
254326, 36
254328, 37
254404, 40
254477, 36
254536, 37
254717, 37
254821, 37
254848, 40
254991, 37
255040, 38
255226, 39
255289, 39
255353, 36
255450, 40
255451, 36
255513, 37
255593, 39
255624, 37
255729, 38
255816, 38
255974, 39
256144, 38
256354, 36
256446, 36
256501, 40
256567, 39
256620, 40
256774, 37
256803, 37
256810, 40
256966, 36
257127, 39
257252, 40
257335, 39
257386, 38
257446, 36
257463, 37
257627, 38
257648, 39
257709, 37
257961, 39
257986, 36
258066, 37
258082, 38
258197, 38
258194, 39
258254, 37
258518, 37
258553, 39
258751, 36
258855, 38
258931, 36
258971, 39
259057, 40
259170, 37
259228, 38
259279, 38
259294, 39
259295, 40
259314, 38
259600, 40
259618, 36
259623, 37
259647, 40
259775, 36
259792, 40
259832, 39
259895, 37
259921, 36
259922, 40
260047, 37
260272, 36
260259, 40
260313, 40
260361, 36
260439, 37
260474, 36
260600, 38
260842, 38
260950, 40
261000, 40
261011, 36
261092, 37
261118, 40
261233, 36
261272, 36
261404, 38
261437, 37
261500, 39
261548, 37
261564, 40
261579, 36
261626, 39
261913, 36
261919, 39
261946, 37
261951, 39
262075, 38
262086, 37
262082, 40
262423, 40
262469, 40
262781, 36
262823, 37
262833, 38
262884, 40
262900, 36
263003, 40
263041, 37
263041, 40
263135, 37
263166, 39
263291, 40
263318, 37
263369, 36
263435, 38
263509, 40
263569, 36
263576, 39
263612, 36
263942, 39
264083, 39
264118, 36
264168, 37
264202, 38
264479, 36
264481, 38
264492, 40
264563, 37
264846, 37
265037, 38
265149, 38
265294, 38
265328, 37
265373, 38
265506, 37
265535, 39
265582, 37
265633, 38
265701, 39
265737, 40
265872, 37
266053, 36
266092, 39
266187, 39
266237, 40
266376, 36
266653, 38
266768, 38
266924, 39
266953, 38
267039, 38
267072, 36
267349, 39
267444, 40
267641, 40
267648, 36
267688, 40
267752, 39
267836, 38
267883, 39
267954, 40
268319, 40
268328, 36
268331, 37
268449, 38
268466, 36
268473, 39
268483, 38
268528, 40
268836, 37
268854, 38
268953, 38
269155, 37
269205, 36
269310, 36
269312, 39
269340, 38
269362, 40
269419, 40
269443, 36
269768, 39
269827, 40
269851, 38
269961, 40
269977, 38
270021, 38
270196, 40
270203, 36
270345, 38
270519, 38
270515, 37
270629, 36
270628, 38
270917, 40
270955, 38
270962, 36
271022, 38
271037, 36
271067, 38
271121, 38
271145, 36
271171, 40
271257, 39
271394, 37
271438, 40
271481, 37
271654, 37
271767, 36
271763, 37
271817, 38
272038, 37
272168, 37
272223, 38
272247, 36
272492, 40
272649, 36
272675, 37
272971, 37
273076, 37
273158, 36
273241, 36
273274, 40
273297, 39
273319, 40
273333, 37
273404, 38
273616, 37
273626, 36
273636, 38
273823, 40
273872, 36
273980, 40
274111, 40
274233, 36
274344, 38
274380, 38
274484, 36
274487, 40
274744, 39
274768, 36
274879, 39
275266, 40
275389, 36
275446, 38
275473, 38
276008, 36
276166, 39
276177, 38
276174, 40
276280, 39
276378, 36
276400, 40
276507, 37
276721, 36
276778, 40
276889, 38
276906, 39
277018, 36
277029, 37
277058, 40
277114, 40
277234, 38
277247, 36
277352, 38
277511, 37
277636, 36
277802, 39
277819, 40
277876, 40
278149, 38
278183, 40
278197, 38
278296, 37
278309, 39
278344, 39
278405, 36
278487, 39
278498, 40
278603, 40
278767, 36
278844, 39
278995, 38
279140, 38
279401, 36
279461, 40
279468, 38
279468, 39
279525, 39
279675, 38
279802, 38
279852, 36
279850, 40
280150, 36
280214, 37
280269, 40
280357, 36
280421, 39
280463, 36
280547, 38
280605, 39
280734, 36
280887, 38
280930, 40
280940, 37
281018, 36
281124, 36
281131, 38
281282, 39
281459, 38
281481, 36
281477, 39
281752, 39
281917, 36
282001, 40
282143, 38
282269, 39
282501, 40
282558, 37
282606, 37
282639, 37
282662, 39
282807, 36
282816, 37
283217, 38
283264, 37
283400, 37
283489, 37
283601, 39
283644, 39
283677, 37
283696, 39
283807, 36
283879, 36
284064, 38
284166, 38
284344, 38
284440, 36
284491, 36
284664, 39
284740, 40
284756, 37
284777, 39
285058, 40
285141, 36
285192, 38
285293, 39
285325, 36
285367, 36
285416, 40
285445, 37
285495, 39
285688, 37
285691, 36
285730, 40
285797, 36
285889, 37
286031, 36
286115, 39
286151, 36
286166, 39
286177, 40
286194, 37
286244, 36
286455, 37
286485, 38
286519, 38
286626, 38
286818, 40
286838, 37
286867, 39
286893, 38
286938, 36
287015, 37
287068, 39
287135, 38
287221, 40
287296, 37
287304, 39
287411, 39
287757, 39
287777, 40
287814, 39
287966, 36
287982, 37
288016, 40
288064, 40
288086, 36
288083, 38
288135, 38
288254, 36
288363, 36
288378, 37
288401, 40
288508, 37
288534, 39
288643, 36
288860, 39
289032, 40
289102, 37
289136, 36
289188, 40
289644, 40
289726, 36
289732, 39
289778, 40
289954, 39
290078, 38
290081, 36
290423, 37
290605, 40
290630, 38
290677, 37
