74, 40
97, 40
314, 40
355, 37
439, 37
468, 40
530, 37
578, 37
645, 40
781, 37
864, 37
905, 37
925, 40
985, 37
1204, 37
1207, 40
1235, 37
1268, 37
1271, 40
1284, 40
1355, 40
1481, 40
1699, 40
1726, 40
2111, 37
2106, 36
2129, 40
2134, 36
2449, 40
2506, 40
2726, 40
2737, 40
2754, 37
2804, 40
2968, 37
2970, 40
3000, 40
3056, 36
3072, 40
3122, 40
3155, 36
3174, 37
3180, 36
3460, 37
3506, 40
3521, 37
3740, 37
3779, 40
3983, 36
4009, 37
4209, 37
4242, 36
4281, 36
4532, 36
4656, 37
4769, 37
4814, 39
5082, 39
5139, 40
5190, 37
5258, 39
5386, 37
5403, 36
5588, 39
5653, 39
5788, 36
5813, 37
5826, 40
5835, 37
5870, 38
6026, 38
6065, 37
6341, 38
6418, 36
6555, 39
6678, 39
6708, 37
6903, 39
7123, 40
7149, 38
7181, 37
7245, 36
7422, 39
7437, 40
7769, 37
7794, 36
7758, 40
7984, 38
8015, 36
8016, 40
8034, 37
8055, 37
8097, 38
8120, 38
8241, 38
8228, 39
8469, 37
8474, 38
8500, 38
8659, 36
8666, 40
8953, 37
8966, 36
9017, 37
9033, 38
9076, 36
9130, 36
9159, 36
9166, 37
9223, 40
9256, 36
9288, 36
9331, 36
9465, 40
9511, 40
9836, 38
10022, 39
10051, 40
10260, 40
10573, 37
10598, 38
10598, 40
10704, 40
10942, 38
11118, 40
11182, 36
11212, 36
11281, 37
11308, 37
11370, 36
11459, 36
11458, 40
11566, 37
11610, 36
11671, 40
11687, 38
11807, 39
11842, 37
11913, 40
11985, 37
12078, 39
12069, 37
12141, 36
12251, 39
12248, 38
12350, 39
12404, 37
12469, 39
12478, 38
12512, 36
12613, 37
12706, 37
12812, 39
12863, 37
12894, 39
12918, 36
13056, 36
13106, 39
13295, 37
13404, 37
13441, 37
13539, 38
13578, 36
13611, 40
13658, 40
13786, 36
13790, 39
13835, 39
13874, 36
14028, 37
14168, 38
14257, 38
14351, 37
14395, 40
14424, 40
14437, 38
14628, 37
14684, 40
14884, 37
14965, 37
14987, 38
15018, 39
15072, 37
15077, 39
15254, 37
15309, 36
15509, 38
15635, 38
15824, 39
15830, 40
15861, 39
15901, 38
15914, 39
16106, 38
16131, 37
16149, 40
16277, 38
16545, 36
16580, 36
16728, 39
17353, 36
17377, 37
17397, 38
17443, 40
17682, 38
17740, 39
17746, 40
17757, 37
17784, 36
18080, 36
18111, 40
18626, 39
18715, 37
18792, 37
18818, 39
18968, 38
18991, 40
19028, 37
19087, 38
19144, 39
19244, 39
19259, 38
19399, 38
19479, 40
19539, 36
19560, 37
19617, 38
19812, 40
19884, 39
19897, 37
19926, 40
19979, 37
19972, 40
20084, 39
20237, 38
20269, 37
20421, 40
20706, 37
20743, 37
20900, 40
20932, 37
20955, 38
21173, 38
21308, 37
21402, 36
21429, 37
21461, 36
21509, 38
21526, 39
21590, 36
21872, 40
21882, 39
21956, 38
22147, 38
22235, 38
22255, 38
22288, 36
22282, 37
22319, 38
22350, 38
22402, 39
22437, 37
22546, 38
22575, 36
22614, 39
22644, 38
22709, 39
22756, 38
22826, 38
22853, 38
22886, 38
23130, 38
23161, 40
23220, 40
23238, 38
23254, 37
23454, 39
23513, 37
23543, 39
23622, 39
23689, 37
23721, 37
23865, 37
24149, 39
24181, 39
24346, 38
24445, 38
24493, 39
24678, 36
24697, 40
24724, 40
24750, 39
24896, 37
24950, 38
25074, 37
25087, 39
25233, 39
25270, 37
25400, 38
25560, 37
25573, 39
25648, 37
25781, 37
26110, 37
26131, 40
26197, 37
26256, 39
26337, 39
26446, 39
26520, 39
26642, 37
26663, 37
26677, 36
27149, 38
27210, 37
27276, 40
27371, 40
27437, 36
27501, 39
27522, 38
27573, 40
27701, 37
27894, 37
28051, 37
28198, 38
28221, 37
28261, 40
28299, 39
28440, 37
28485, 37
28666, 38
28775, 36
28937, 37
29067, 37
29104, 39
29118, 36
29197, 39
29229, 38
29316, 37
29358, 38
29502, 37
29567, 39
29776, 40
29821, 38
30070, 37
30102, 36
30124, 40
30189, 37
30266, 39
30371, 38
30446, 39
30502, 40
30610, 40
30683, 37
30771, 37
30969, 38
30996, 37
31012, 40
31199, 37
31227, 38
31242, 40
31265, 40
31724, 37
31903, 36
31922, 40
31938, 36
31949, 40
32043, 38
32065, 40
32082, 38
32153, 39
32168, 40
32391, 36
32621, 36
32682, 40
32670, 38
32735, 40
32778, 36
33075, 36
33169, 36
33239, 36
33278, 36
33287, 38
33409, 38
33757, 38
33904, 38
33973, 38
34094, 39
34202, 36
34207, 38
34317, 40
34366, 36
34450, 36
34535, 40
34622, 37
34831, 36
34841, 38
34880, 38
35027, 37
35051, 39
35290, 38
35362, 36
35394, 37
35435, 39
35492, 40
35606, 40
35640, 36
35795, 40
35874, 37
35901, 38
35957, 37
35985, 38
36215, 37
36209, 38
36230, 40
36255, 39
36258, 38
36275, 39
36407, 38
36452, 40
36498, 37
36499, 40
36537, 38
36637, 39
36643, 36
36675, 36
36802, 38
36851, 36
36917, 37
36925, 38
37002, 37
37037, 37
37049, 40
37092, 36
37130, 39
37159, 38
37305, 36
37499, 36
37525, 40
37557, 40
37851, 37
37984, 39
38238, 38
38263, 36
38266, 38
38306, 39
38324, 38
38352, 36
38500, 38
38597, 39
38627, 36
38623, 39
38662, 38
38734, 39
39072, 40
39118, 39
39438, 36
39517, 38
39577, 36
39578, 39
39628, 37
39646, 40
39682, 39
39718, 36
39784, 39
39816, 39
39872, 36
39893, 37
39957, 36
40019, 40
40125, 37
40174, 38
40216, 39
40256, 37
40297, 37
40304, 40
40506, 39
40548, 36
40547, 40
40593, 40
40829, 38
40869, 40
40887, 37
41108, 40
41165, 37
41201, 37
41281, 40
41406, 37
41645, 38
41675, 36
41734, 39
41922, 37
41937, 40
42172, 36
42269, 40
42366, 40
42581, 40
42718, 39
42744, 37
42920, 36
42951, 40
43007, 36
43081, 38
43120, 40
43423, 38
43628, 37
43677, 40
43736, 38
43967, 37
44063, 37
44113, 36
44152, 39
44204, 39
44425, 40
44566, 36
44636, 39
44683, 39
44702, 37
44854, 38
44898, 37
45032, 40
45047, 36
45228, 39
45259, 38
45272, 37
45345, 40
45383, 36
45383, 38
45442, 37
45473, 39
45798, 36
45836, 38
45843, 36
46226, 40
46380, 39
46413, 40
46496, 37
46535, 40
46618, 36
46685, 39
46802, 40
46820, 36
46838, 37
46926, 39
47087, 39
47122, 38
47135, 40
47141, 39
47195, 38
47239, 36
47284, 37
47297, 38
47319, 36
47369, 37
47382, 38
47398, 37
47430, 36
47444, 37
47443, 39
47501, 38
47750, 37
47783, 38
47799, 39
47818, 38
47977, 36
48013, 36
48171, 37
48213, 40
48218, 36
48225, 37
48262, 39
48285, 38
48314, 40
48321, 36
48353, 37
48351, 39
48439, 40
48450, 38
48536, 37
48539, 36
48583, 37
48638, 38
48683, 37
48798, 37
48809, 40
48923, 37
48925, 40
49000, 36
49046, 38
49130, 37
49305, 38
49353, 39
49355, 38
49381, 39
49426, 39
49507, 38
49518, 36
49552, 40
49592, 38
49616, 39
49707, 39
49793, 38
49936, 39
50160, 37
50210, 37
50309, 37
50324, 36
50432, 37
50474, 38
50517, 38
50513, 40
50607, 36
51263, 40
51283, 39
51325, 38
51516, 40
51564, 36
51800, 36
51835, 38
51838, 36
51868, 36
51936, 37
52040, 39
52146, 40
52433, 36
52433, 38
52707, 40
52721, 38
52724, 39
52809, 40
52906, 40
52923, 36
52932, 37
53012, 37
53026, 38
53050, 40
53113, 37
53157, 38
53219, 36
53265, 40
53312, 39
53450, 38
53529, 39
53680, 36
53704, 38
53793, 38
53906, 38
54040, 38
54041, 40
54066, 38
54589, 36
54619, 37
54686, 36
54731, 39
54790, 38
54893, 40
54939, 37
55024, 38
55123, 39
55125, 40
55165, 37
55289, 37
55391, 39
55416, 40
55548, 38
55583, 40
55595, 36
55579, 38
55803, 36
55888, 37
56062, 36
56090, 39
56179, 36
56463, 39
56507, 36
56596, 38
56606, 36
56594, 37
56638, 39
56999, 40
57012, 36
57043, 38
57101, 37
57230, 36
57368, 37
57427, 40
57643, 37
57677, 39
57671, 37
57713, 40
57956, 38
58011, 40
58108, 36
58212, 38
58265, 39
58304, 38
58332, 40
58437, 40
58687, 39
58879, 36
58905, 39
58944, 39
58939, 40
59056, 36
59070, 37
59158, 38
59299, 37
59315, 36
59481, 38
59542, 37
59608, 38
59634, 39
59688, 38
59735, 36
59885, 40
59903, 36
60014, 38
60055, 40
60149, 37
60177, 39
60310, 39
60408, 40
60475, 36
60627, 39
60641, 36
60649, 39
60739, 36
60933, 37
60957, 40
61023, 39
61058, 36
61064, 39
61108, 36
61147, 36
61240, 40
61332, 38
61511, 37
61675, 37
61723, 37
61763, 37
61772, 40
61864, 37
61876, 39
61918, 37
61968, 39
62174, 38
62180, 37
62260, 38
62278, 37
62413, 38
62703, 36
62771, 38
62794, 39
62894, 36
62894, 39
63050, 36
63162, 40
63416, 39
63411, 37
63539, 40
63558, 39
63664, 36
63754, 36
64074, 38
64122, 37
64221, 36
64262, 36
64318, 38
64355, 38
64394, 37
64422, 37
64609, 38
64844, 36
64944, 39
64950, 40
64979, 38
64994, 36
65019, 37
65205, 39
65198, 40
65279, 37
65428, 40
65454, 37
65500, 36
65634, 37
65856, 37
66004, 37
66090, 40
66224, 38
66253, 40
66276, 40
66336, 40
66422, 38
66449, 36
66502, 40
66543, 36
66603, 37
66662, 39
66667, 40
66791, 39
66807, 37
67044, 37
67066, 36
67150, 38
67252, 38
67402, 39
67462, 38
67490, 38
67539, 39
67550, 40
67635, 39
67658, 40
67715, 40
67773, 38
67732, 37
67856, 38
67995, 36
68122, 39
68215, 39
68426, 39
68493, 36
68504, 38
68508, 37
68601, 38
68619, 40
68695, 37
68820, 37
68851, 39
68899, 39
68968, 36
69029, 36
69239, 37
69329, 37
69440, 38
69778, 40
69817, 39
69896, 37
70105, 39
70130, 36
70169, 40
70275, 40
70330, 37
70425, 37
70535, 39
70654, 40
70777, 36
70834, 39
70994, 36
71269, 36
71403, 37
71444, 37
71560, 37
71608, 39
71740, 37
71808, 40
72002, 38
72075, 40
72007, 36
72143, 38
72144, 39
72243, 40
72275, 37
72668, 37
72670, 38
72762, 39
72868, 39
73047, 38
73077, 38
73201, 36
73310, 36
73341, 40
73409, 37
73647, 38
73732, 36
73782, 38
73854, 38
74221, 39
74264, 37
74307, 39
74308, 40
74333, 37
74389, 38
74440, 36
74531, 37
74573, 38
74607, 40
74688, 36
74692, 37
74714, 38
74743, 39
74972, 40
75018, 40
75176, 39
75227, 36
75343, 39
75454, 38
75497, 37
75543, 40
75562, 39
75577, 40
75653, 36
75810, 37
75882, 38
75885, 39
75986, 40
76011, 37
76319, 36
76451, 39
76461, 38
76519, 36
76515, 37
76643, 40
76744, 39
76790, 38
76849, 37
76925, 39
76936, 40
76977, 37
76985, 40
76987, 36
77048, 36
77127, 40
77171, 37
77179, 38
77216, 38
77234, 39
77315, 38
77351, 36
77354, 39
77593, 38
77691, 39
77739, 38
77753, 36
77906, 40
78190, 40
78403, 37
78412, 40
78544, 36
78666, 40
78697, 36
78898, 39
78934, 40
79025, 39
79158, 37
79244, 38
79324, 37
79488, 36
79563, 38
79655, 38
79760, 39
79776, 37
79801, 37
79839, 40
79872, 40
79930, 37
80111, 40
80139, 39
80158, 40
80197, 40
80238, 37
80391, 40
80398, 39
80455, 40
80492, 40
80619, 37
80731, 38
80756, 39
80795, 39
80880, 38
80879, 40
80951, 40
81518, 39
81541, 36
81575, 37
81840, 37
81903, 40
81926, 37
81931, 38
81970, 38
82015, 36
82033, 39
82159, 40
82255, 37
82315, 38
82313, 39
82347, 37
82347, 39
82456, 37
82524, 39
82569, 38
82615, 38
82661, 38
82671, 37
82704, 38
82833, 39
82946, 38
83075, 36
83143, 38
83211, 38
83236, 40
83319, 38
83336, 39
83352, 38
83447, 37
83455, 39
83692, 39
83782, 40
83805, 37
83882, 39
83896, 36
83926, 39
83967, 37
84006, 40
84000, 37
84015, 39
84096, 39
84093, 37
84101, 40
84205, 37
84211, 40
84297, 39
84320, 37
84503, 37
84530, 37
84903, 37
84995, 39
84991, 38
85015, 36
85085, 40
85150, 39
85171, 40
85294, 36
85335, 39
85374, 37
85580, 37
85679, 37
85848, 36
85901, 38
86035, 40
86042, 38
86046, 36
86165, 36
86234, 40
86401, 39
86449, 39
86461, 37
86593, 40
86627, 39
86668, 39
86874, 37
87020, 40
87089, 39
87278, 40
87286, 38
87382, 39
87420, 37
87474, 38
87498, 38
87604, 40
87691, 39
87709, 37
87717, 40
87783, 38
87835, 36
88012, 39
88130, 40
88157, 38
88174, 37
88163, 39
88351, 37
88386, 40
88412, 36
88462, 39
88497, 36
88514, 38
88581, 39
88619, 36
88653, 36
88793, 37
88823, 38
88859, 36
88895, 40
88898, 36
88928, 37
88960, 38
89000, 40
88994, 36
89300, 37
89290, 40
89339, 37
89378, 37
89441, 39
89492, 38
89540, 40
89708, 39
89733, 37
89901, 38
89905, 36
89933, 38
90100, 37
90198, 40
90366, 40
90369, 38
90434, 40
90499, 36
90506, 37
90542, 40
90689, 40
90819, 37
90967, 36
90970, 39
91010, 38
91084, 36
91104, 40
91148, 37
91234, 40
91239, 39
91282, 39
91446, 36
91482, 36
91534, 37
91578, 39
91591, 36
91733, 39
91949, 37
92042, 36
92086, 36
92080, 39
92282, 36
92300, 39
92287, 38
92339, 37
92342, 38
92373, 37
92462, 40
92532, 38
92592, 39
92628, 36
92700, 37
92778, 40
93106, 39
93242, 39
93308, 36
93397, 39
93501, 37
93568, 39
93594, 38
93653, 39
93866, 40
93892, 36
94136, 36
94178, 40
94393, 40
94701, 38
94712, 39
95075, 38
95099, 36
95251, 40
95275, 39
95305, 37
95464, 40
95676, 36
95873, 37
95899, 36
95895, 40
95946, 40
96192, 39
96207, 40
96251, 38
96338, 40
96542, 38
96689, 38
96791, 38
96806, 40
96879, 40
96915, 40
96931, 39
97015, 40
97054, 39
97103, 40
97183, 38
97275, 38
97439, 37
97522, 36
97576, 36
97749, 38
97797, 40
97856, 39
98083, 39
98403, 40
98572, 37
98591, 40
98647, 38
98749, 38
98746, 37
99031, 36
99129, 39
99154, 36
99195, 36
99399, 40
99554, 40
99567, 38
99683, 36
99716, 39
99836, 36
99855, 40
99943, 39
100072, 38
100107, 36
100110, 39
100207, 36
100227, 39
100430, 39
100455, 39
100511, 38
100642, 36
100734, 37
100877, 39
100985, 37
101003, 39
101071, 37
101190, 38
101234, 36
101285, 36
101370, 39
101598, 39
101689, 39
101783, 38
101828, 39
101862, 40
101977, 38
102029, 40
102112, 38
102484, 36
102490, 37
102517, 39
102572, 40
102571, 39
102940, 39
103023, 38
103137, 40
103201, 36
103275, 39
103268, 38
103350, 37
103443, 37
103803, 39
103850, 40
103903, 39
104065, 39
104186, 38
104226, 38
104242, 40
104378, 37
104447, 36
104455, 37
104598, 39
104604, 40
104800, 37
104784, 40
104830, 37
104853, 39
104875, 37
104919, 38
105172, 36
105303, 38
105363, 40
105429, 36
105614, 38
105671, 37
105956, 40
105973, 39
106013, 37
106067, 40
106078, 38
106098, 37
106183, 40
106220, 40
106285, 36
106318, 37
106346, 38
106463, 40
106477, 39
106526, 37
106557, 36
106577, 39
106756, 40
106845, 37
106910, 36
107007, 37
107080, 40
107191, 40
107204, 36
107213, 38
107246, 36
107303, 40
107417, 37
107432, 39
107527, 40
107585, 38
107635, 38
107709, 36
107721, 38
107976, 40
108013, 39
108388, 37
108433, 38
108484, 39
108534, 37
108533, 40
108658, 37
108747, 40
108775, 38
108798, 36
108913, 36
108945, 40
108987, 37
109175, 37
109246, 38
109329, 38
109370, 40
109662, 40
109757, 36
109765, 40
109768, 39
109869, 40
109883, 36
109955, 40
109975, 38
109980, 36
110019, 36
110077, 39
110177, 40
110247, 38
110268, 36
110372, 39
110443, 38
110523, 36
110562, 36
110620, 40
110714, 37
110740, 36
110776, 37
110853, 39
110896, 38
110982, 39
111112, 39
111167, 37
111289, 39
111308, 36
111385, 37
111467, 40
111503, 38
111567, 40
111628, 38
111664, 40
111803, 37
112054, 40
112066, 39
112225, 37
112504, 36
112622, 37
112735, 37
112792, 38
112926, 39
112975, 40
113158, 36
113252, 38
113370, 37
113407, 36
113449, 39
113470, 37
113673, 40
113686, 37
113706, 39
113799, 37
113976, 37
113996, 36
114048, 40
114271, 38
114299, 39
114314, 38
114341, 36
114350, 40
114374, 37
114406, 39
114481, 39
114493, 36
114528, 40
114616, 37
114619, 39
114686, 38
114718, 37
114863, 40
114894, 36
114922, 39
114959, 39
115191, 39
115204, 37
115250, 36
115287, 40
115310, 39
115393, 36
115531, 36
115577, 36
115644, 39
115683, 39
115891, 40
115932, 36
116030, 40
116117, 37
116144, 36
116207, 37
116255, 39
116324, 37
116349, 36
116540, 37
116870, 40
116989, 37
117092, 36
117364, 39
117460, 37
117690, 36
117735, 39
117746, 38
117901, 38
117948, 37
117977, 40
117990, 36
118329, 39
118389, 39
118532, 40
118531, 39
118585, 38
118673, 36
118769, 36
118818, 40
118917, 40
118932, 39
119057, 36
119107, 38
119274, 39
119332, 39
119380, 40
119605, 39
119615, 37
119759, 38
119947, 38
120057, 36
120205, 40
120215, 37
120250, 39
120334, 38
120391, 36
120472, 36
120520, 38
120585, 36
120647, 38
120778, 37
120847, 40
121046, 38
121048, 36
121133, 37
121202, 36
121233, 36
121249, 37
121312, 38
121362, 38
121616, 38
121753, 36
121756, 39
121789, 38
121794, 36
121837, 37
122135, 36
122146, 38
122156, 37
122197, 40
122255, 37
122254, 36
122414, 36
122438, 39
122447, 38
122543, 37
122804, 39
122871, 37
122906, 39
122971, 40
123059, 37
123163, 39
123219, 40
123354, 36
123396, 36
123482, 39
123549, 39
123539, 38
123625, 37
123707, 38
123828, 40
123910, 38
123929, 36
123961, 38
123961, 40
124084, 38
124215, 37
124223, 36
124248, 37
124292, 37
124319, 39
124361, 38
124497, 39
124514, 37
124520, 40
124562, 37
124661, 37
124888, 37
124915, 38
125005, 38
125064, 39
125125, 36
125187, 38
125273, 39
125565, 37
125596, 40
125597, 38
125696, 40
126387, 36
126412, 38
126470, 39
126535, 39
126595, 39
126606, 40
126775, 38
126872, 36
126904, 37
126916, 38
126966, 36
127071, 39
127140, 40
127145, 37
127195, 38
127221, 38
127239, 37
127270, 36
127275, 37
127312, 36
127388, 37
127403, 38
127523, 38
127534, 36
127556, 40
127628, 38
127825, 38
127848, 40
127872, 38
127883, 39
127885, 37
127929, 40
127943, 38
127995, 40
128021, 36
128068, 39
128105, 36
128176, 40
128196, 40
128539, 36
128583, 36
128589, 39
128629, 38
128868, 36
128914, 36
128923, 38
128933, 37
128948, 36
129029, 36
129120, 38
129139, 39
129261, 39
129285, 38
129414, 39
129447, 40
129506, 36
129618, 40
129691, 36
129708, 39
130021, 40
130147, 38
130169, 39
130217, 38
130278, 38
130313, 39
130443, 36
130455, 38
130557, 38
130612, 40
130682, 37
130814, 40
130814, 38
130988, 39
131062, 36
131094, 37
131222, 38
131487, 36
131512, 40
131515, 39
131559, 39
131578, 38
131821, 40
131938, 39
132090, 38
132106, 36
132342, 36
132459, 37
132558, 37
132599, 36
132694, 38
132753, 36
132812, 36
132822, 38
133200, 39
133269, 38
133286, 37
133331, 39
133360, 38
133424, 36
133456, 37
133533, 37
133548, 38
133587, 38
133629, 36
133669, 36
133702, 39
133721, 38
133765, 36
133806, 37
133829, 37
134009, 36
134239, 40
134347, 37
134423, 39
134580, 40
134830, 40
134920, 39
135022, 37
135062, 39
135087, 40
135138, 39
135165, 36
135257, 39
135377, 40
135416, 38
135441, 40
135498, 37
135635, 36
135761, 37
135992, 40
136154, 40
136163, 37
136337, 36
136371, 40
136493, 40
136527, 40
136790, 39
136878, 38
137026, 38
137054, 40
137097, 37
137181, 36
137184, 40
137178, 38
137253, 38
137367, 39
137419, 38
137467, 39
137537, 40
137571, 36
137578, 38
137581, 40
137678, 36
137720, 37
137768, 36
137755, 39
137764, 37
137807, 40
137825, 38
137873, 38
137910, 38
137950, 36
137978, 37
137998, 36
138077, 37
138075, 36
138144, 39
138182, 38
138206, 38
138376, 40
138418, 38
138472, 37
138628, 38
138669, 38
138706, 38
138731, 37
138735, 40
138767, 37
138823, 39
138852, 40
138886, 36
138930, 38
138956, 37
138974, 36
139132, 38
139146, 36
139194, 36
139228, 36
139360, 39
139395, 36
139481, 37
139557, 37
139573, 36
139618, 38
139647, 37
139786, 36
139886, 36
139895, 37
140031, 37
140067, 38
140112, 39
140186, 37
140271, 37
140376, 37
140582, 38
140746, 36
140940, 39
140973, 37
140983, 38
141014, 38
141059, 37
141282, 36
141303, 38
141333, 39
141366, 40
141396, 38
141444, 36
141527, 40
141570, 38
141776, 39
141790, 36
141990, 39
142117, 36
142124, 37
142216, 39
142279, 40
142314, 39
142329, 36
142326, 37
142338, 40
142565, 37
142611, 39
142720, 38
142957, 40
143061, 40
143173, 37
143297, 36
143328, 36
143459, 38
143452, 39
143497, 38
143569, 37
143660, 37
143902, 38
144039, 37
144152, 37
144224, 38
144337, 39
144492, 40
144527, 36
144541, 37
144577, 36
144604, 40
144826, 38
144875, 36
144888, 37
144994, 36
145068, 36
145112, 36
145161, 40
145501, 37
145520, 40
145788, 36
145810, 38
145896, 38
145924, 39
146050, 40
146058, 37
146089, 37
146247, 40
146261, 36
146302, 37
146298, 40
146343, 38
146372, 39
146381, 37
146425, 36
146544, 37
146618, 39
146770, 39
146792, 40
146826, 37
146832, 36
146912, 36
147078, 38
147086, 39
147187, 40
147177, 37
147411, 37
147420, 39
147451, 36
147461, 39
147477, 36
147588, 37
147626, 38
147649, 36
147655, 39
147695, 39
147719, 40
147757, 36
147775, 37
147967, 39
147976, 40
148064, 39
148071, 37
148106, 36
148174, 39
148262, 38
148390, 39
148440, 38
148464, 40
148552, 39
148603, 37
148731, 38
148827, 36
149033, 38
149083, 38
149084, 39
149241, 36
149363, 39
149433, 36
149502, 37
149610, 36
149709, 38
149808, 36
149838, 37
149963, 40
150008, 40
150123, 38
150143, 39
150239, 38
150365, 36
150426, 37
150479, 39
150490, 36
150547, 36
150593, 38
150681, 38
150717, 39
150776, 36
150781, 38
150840, 40
150861, 36
150848, 39
150937, 36
150951, 39
151080, 36
151073, 38
151122, 37
151190, 36
151224, 37
151242, 39
151358, 40
151373, 36
151392, 38
151462, 39
151563, 38
151689, 37
151747, 38
151875, 39
151936, 39
152109, 38
152187, 36
152236, 38
152299, 37
152480, 38
152518, 39
104, 38
218, 38
309, 38
504, 38
737, 38
753, 38
794, 38
805, 38
989, 38
1259, 38
1394, 38
1554, 38
1623, 38
1696, 38
1829, 38
1919, 38
2074, 38
2499, 38
2534, 38
2561, 38
2632, 38
2639, 38
2684, 38
2937, 38
2964, 38
3017, 38
3179, 38
3398, 38
3460, 38
3467, 38
3478, 38
3774, 38
3950, 38
3980, 38
4003, 38
4311, 38
4326, 37
4360, 38
4376, 38
4512, 38
4551, 38
4557, 37
4567, 38
4596, 37
4647, 38
4727, 37
4744, 37
4825, 37
4871, 38
4896, 38
5057, 37
5241, 38
5265, 38
5267, 37
5392, 38
5396, 37
5413, 38
5492, 38
5616, 38
5803, 37
5850, 38
5875, 37
6015, 38
6443, 37
6463, 37
6589, 37
6687, 38
6839, 38
6865, 37
6878, 37
7054, 38
7184, 37
7389, 37
7593, 38
7657, 38
7683, 38
7718, 37
7727, 38
7823, 38
7858, 38
7958, 37
7984, 37
8257, 40
8259, 38
8479, 37
8738, 38
8754, 37
8779, 40
8834, 40
8964, 40
9076, 37
9153, 40
9399, 40
9413, 38
9493, 37
9623, 38
9662, 40
9773, 40
9920, 38
9940, 40
10037, 38
10058, 38
10217, 38
10418, 37
10455, 37
10615, 40
10633, 38
10869, 38
11029, 37
11038, 38
11066, 38
11136, 40
11162, 37
11184, 38
11314, 38
11333, 38
11356, 37
11515, 38
11524, 37
11692, 37
11952, 37
12055, 37
12131, 38
12266, 40
12294, 38
12397, 37
12418, 38
12432, 40
12454, 37
12474, 37
12547, 38
12568, 37
12701, 40
12932, 40
12948, 38
12971, 40
13012, 38
13092, 37
13222, 40
13242, 38
13246, 37
13388, 37
13525, 40
13603, 40
13721, 40
13794, 40
13912, 37
14054, 40
14167, 37
14243, 38
14628, 40
14803, 40
14860, 37
14880, 40
15140, 38
15686, 37
15731, 40
15745, 38
15768, 38
15857, 38
15881, 40
15992, 37
16119, 37
16187, 38
16285, 40
16347, 37
16515, 40
16521, 38
16652, 40
16725, 38
16735, 37
16838, 37
16888, 40
16899, 38
16905, 37
16974, 37
17011, 38
17042, 40
17159, 38
17232, 38
17327, 37
17420, 38
17550, 40
17620, 40
17717, 37
17928, 40
18221, 40
18237, 40
18312, 37
18549, 38
18584, 37
18660, 37
18681, 37
18766, 38
18843, 38
18883, 37
18922, 37
19112, 38
19117, 37
19162, 40
19235, 37
19263, 37
19407, 37
19423, 40
19480, 40
19519, 37
19583, 37
19685, 38
19828, 37
19917, 38
19925, 40
19943, 37
20107, 37
20115, 40
20139, 38
20219, 37
20257, 38
20281, 38
20289, 37
20314, 38
20344, 37
20430, 40
20445, 38
20470, 37
20541, 37
20593, 37
20744, 37
20765, 40
20847, 40
20862, 37
20951, 37
21018, 38
21030, 40
21107, 38
21158, 37
21188, 40
21239, 37
21292, 37
21301, 40
21456, 37
21564, 38
21645, 37
21763, 38
22114, 37
22620, 38
22671, 40
22696, 40
22704, 37
22728, 38
22773, 37
22983, 38
23052, 37
23103, 37
23453, 37
23464, 38
23669, 38
23721, 40
23801, 40
23810, 37
23870, 40
24224, 38
24229, 37
24277, 37
24294, 37
24297, 38
24342, 40
24398, 40
24487, 38
24514, 37
24567, 38
24591, 37
24594, 38
24604, 37
24632, 37
24657, 38
24794, 38
24801, 37
24862, 37
24889, 38
24932, 37
24992, 38
25032, 37
25049, 38
25189, 38
25207, 37
25425, 40
25495, 38
25640, 38
25717, 38
25746, 40
25835, 40
25860, 37
26003, 40
26060, 37
26268, 38
26359, 37
26487, 40
26576, 38
26657, 38
26733, 40
26811, 40
26907, 37
27279, 37
27447, 38
27456, 37
27531, 40
27869, 40
28026, 37
28058, 40
28235, 37
28245, 40
28263, 37
28501, 38
28560, 38
28593, 37
28724, 37
28861, 37
28873, 40
28927, 37
28929, 40
28994, 40
29043, 38
29117, 37
29143, 37
29177, 40
29237, 37
29302, 37
29378, 38
29592, 38
29717, 38
29798, 38
29798, 40
29824, 37
30012, 38
30019, 40
30080, 38
30169, 38
30276, 37
30433, 40
30510, 38
30553, 37
30846, 37
31247, 38
31259, 40
31267, 38
31303, 38
31352, 37
31360, 38
31376, 40
31530, 40
31756, 40
31824, 38
31864, 40
31931, 38
32095, 40
32201, 40
32254, 38
32272, 40
32366, 40
32545, 40
32548, 37
32598, 37
32712, 38
32880, 38
32916, 37
33005, 37
33040, 40
33148, 37
33167, 38
33237, 37
33325, 37
33412, 38
33416, 37
33415, 40
33578, 37
33628, 40
33724, 38
33739, 40
33754, 40
34105, 37
34104, 40
34155, 38
34181, 40
34202, 37
34216, 38
34260, 37
34288, 38
34365, 37
34436, 37
34521, 37
34578, 40
34623, 40
34682, 37
34702, 38
34783, 38
34973, 37
35105, 37
35107, 38
35212, 40
35384, 38
35469, 40
35523, 37
35555, 37
35753, 37
35788, 40
35917, 37
35933, 40
36040, 40
36138, 38
36211, 37
36238, 40
36258, 38
36297, 40
36340, 40
36427, 38
36519, 37
36593, 37
36601, 40
36693, 37
36785, 40
36811, 37
36919, 40
37085, 40
37213, 37
37483, 38
37557, 37
37589, 37
37674, 37
37697, 37
37835, 37
38020, 38
38037, 37
38121, 40
38192, 37
38203, 40
38390, 40
38613, 40
38624, 37
38650, 40
38678, 38
38780, 40
38801, 38
38871, 40
39161, 37
39763, 37
39999, 37
40075, 37
40151, 40
40171, 37
40186, 37
40225, 38
40304, 38
40418, 40
40449, 37
40489, 38
40525, 37
40552, 40
40564, 40
40641, 38
40658, 37
40832, 38
40957, 38
40973, 37
40968, 38
41233, 37
41288, 40
41319, 40
41346, 38
41392, 40
41597, 37
41689, 38
41782, 38
41861, 38
41898, 40
41894, 38
42014, 40
42241, 40
42289, 38
42314, 40
42334, 40
42359, 37
42400, 38
42411, 37
42389, 40
42500, 37
42527, 38
42684, 38
42724, 37
42921, 38
42946, 40
43008, 38
43030, 37
43026, 38
43114, 37
43433, 37
43629, 38
44043, 38
44123, 40
44233, 37
44229, 38
44490, 38
44505, 38
44586, 40
44776, 38
44836, 38
44858, 38
44931, 40
45122, 38
45237, 37
45272, 40
45407, 37
45426, 40
45454, 37
45484, 40
45528, 37
45811, 38
45890, 40
45882, 37
45991, 40
46138, 40
46351, 40
46341, 37
46401, 40
46588, 38
46595, 38
46697, 38
46708, 40
46825, 40
46872, 38
47017, 40
47014, 38
47200, 38
47299, 37
47345, 37
47348, 40
47441, 40
47471, 40
47528, 38
47526, 40
47678, 40
47795, 37
47992, 37
48003, 40
48027, 37
48085, 37
48167, 37
48254, 40
48254, 37
48301, 37
48367, 40
48455, 38
48458, 40
48468, 37
48708, 40
48729, 37
48810, 40
49068, 38
49194, 40
49232, 40
49269, 37
49322, 40
49439, 40
49504, 38
49514, 40
49571, 38
49781, 37
49859, 40
49882, 37
49902, 38
50214, 40
50346, 37
50504, 38
50623, 37
50671, 40
50685, 38
50724, 40
50958, 40
51017, 38
51256, 38
51554, 40
51628, 40
51646, 38
51715, 38
51805, 37
51929, 37
52007, 40
52111, 37
52293, 40
52345, 37
52418, 37
52455, 38
52503, 38
52513, 38
52534, 40
52548, 37
52565, 38
52923, 37
53066, 37
53150, 38
53188, 38
53274, 37
53326, 38
53367, 40
53463, 38
53506, 40
53514, 37
53531, 37
53780, 40
53827, 38
53878, 40
53962, 38
54052, 37
54216, 37
54272, 38
54310, 38
54394, 37
54460, 37
54656, 38
54727, 38
54794, 37
54888, 38
55034, 40
55104, 40
55136, 37
55299, 38
55500, 40
55532, 38
55607, 38
55867, 37
55926, 37
56108, 37
56204, 37
56283, 37
56397, 38
56552, 37
56707, 38
56723, 37
56739, 38
56829, 40
56982, 40
57060, 38
57191, 37
57307, 37
57444, 37
57474, 40
57481, 38
57477, 37
57623, 37
57657, 37
57805, 37
57853, 40
57965, 38
58028, 40
58313, 40
58345, 37
58385, 40
58551, 40
58803, 37
58882, 40
59091, 40
59116, 40
59188, 40
59248, 40
59266, 40
59336, 38
59456, 40
59611, 38
59679, 38
59701, 38
59799, 38
59868, 40
60146, 38
60224, 37
60229, 40
60227, 38
60267, 37
60321, 40
60545, 38
60897, 37
60916, 38
60924, 37
60945, 38
61009, 40
61182, 37
61285, 37
61307, 38
61545, 38
61549, 37
61576, 37
61681, 37
61778, 40
61854, 40
61873, 40
62020, 40
62047, 40
62099, 38
62107, 37
62234, 38
62314, 40
62414, 38
62493, 38
62639, 37
62728, 40
62753, 38
62842, 37
62908, 38
63026, 38
63041, 38
63210, 38
63318, 37
63386, 38
63427, 40
63476, 38
63642, 37
63762, 40
63823, 40
64017, 40
64107, 38
64114, 37
64124, 38
64117, 40
64185, 40
64212, 37
64254, 38
64440, 37
64539, 40
64608, 38
64759, 38
64855, 37
65044, 40
65124, 38
65141, 40
65162, 40
65196, 40
65218, 37
65240, 37
65337, 37
65348, 38
65413, 38
65494, 40
65630, 38
65686, 38
65696, 40
65738, 37
66087, 38
66142, 38
66457, 40
66517, 40
66641, 40
66714, 38
66753, 38
66795, 37
66807, 40
66821, 38
66834, 40
66876, 37
66960, 37
67384, 38
67406, 37
67536, 37
67587, 38
67629, 40
67734, 37
67804, 38
67880, 38
67956, 40
68001, 37
68066, 38
68194, 38
68351, 37
68747, 37
68753, 40
68907, 40
69041, 37
69132, 37
69352, 40
69429, 38
69572, 40
69576, 38
69599, 37
69698, 38
69806, 38
69979, 37
70195, 40
70444, 40
70453, 37
70496, 38
70618, 38
70636, 38
70655, 37
70713, 38
70831, 40
70837, 38
70926, 37
70954, 38
71096, 37
71422, 38
71606, 40
71649, 37
71657, 38
71682, 38
71714, 40
71839, 37
71879, 38
71878, 37
72068, 37
72309, 37
72644, 37
72833, 37
72875, 38
72929, 40
73010, 40
73237, 38
73300, 38
73393, 40
73487, 38
73514, 38
73582, 40
74091, 40
74143, 40
74174, 40
74254, 38
74331, 37
74470, 38
74497, 37
74726, 37
74723, 40
74782, 37
74806, 40
74962, 37
74967, 38
75132, 37
75157, 40
75192, 37
75300, 37
75466, 38
75577, 38
75611, 40
75612, 37
75669, 40
75834, 40
76088, 40
76154, 38
76231, 40
76504, 40
76521, 40
76536, 38
76586, 37
76674, 40
76734, 40
76856, 37
76893, 40
76898, 38
77158, 37
77210, 37
77259, 40
77267, 38
77333, 37
77381, 40
77449, 37
77550, 38
77547, 40
77591, 37
77619, 38
77852, 40
78015, 37
78223, 37
78216, 40
78231, 38
78273, 37
78365, 38
78514, 40
78631, 38
78731, 38
78724, 37
78868, 40
78910, 38
78976, 40
78999, 40
79027, 38
79091, 40
79191, 40
79191, 37
79353, 37
79396, 40
79449, 37
79525, 37
79537, 38
79555, 37
79732, 38
79756, 40
79765, 37
79845, 38
79844, 37
79921, 37
80042, 38
80103, 38
80303, 38
80377, 40
80383, 38
80433, 40
80451, 37
80636, 37
80667, 37
80855, 40
80905, 37
80923, 38
80961, 37
81113, 40
81188, 38
81237, 37
81252, 38
81332, 37
81388, 37
81452, 37
81508, 40
81631, 37
81663, 40
81786, 40
81844, 40
81908, 40
82073, 38
82320, 37
82405, 38
82644, 38
82733, 38
82765, 37
82877, 40
83099, 40
83186, 40
83238, 37
83265, 37
83354, 37
83385, 37
83427, 40
83461, 37
83490, 37
83536, 37
83600, 38
83725, 40
83801, 37
84072, 40
84103, 38
84106, 40
84151, 38
84181, 38
84252, 40
84281, 37
84286, 40
84309, 38
84405, 38
84516, 40
84731, 38
84821, 38
84845, 40
85108, 37
85251, 38
85300, 37
85315, 40
85367, 37
85440, 38
85469, 38
85594, 37
85609, 38
85862, 40
85945, 40
86069, 38
86183, 37
86243, 40
86305, 38
86357, 37
86426, 40
86460, 40
86689, 38
86769, 37
86800, 40
86852, 37
86880, 40
86899, 38
86935, 40
86960, 40
86991, 37
86993, 40
87061, 38
87084, 38
87173, 37
87393, 38
87533, 37
87601, 40
87605, 38
87780, 38
87982, 40
87985, 37
88027, 37
88100, 40
88111, 38
88151, 40
88177, 38
88199, 38
88423, 37
88485, 40
88689, 37
88713, 38
88833, 37
88865, 37
88913, 38
89015, 37
89026, 38
89051, 40
89098, 37
89536, 37
89685, 38
89849, 38
90003, 38
90011, 37
90199, 40
90225, 38
90261, 40
90289, 38
90358, 37
90372, 40
90391, 40
90428, 40
90521, 37
90931, 40
91094, 37
91109, 38
91124, 40
91167, 38
91190, 38
91204, 37
91233, 38
91256, 37
91403, 40
91519, 38
91779, 40
91800, 38
91838, 37
92012, 37
92035, 38
92035, 40
92060, 40
92075, 37
92194, 40
92197, 38
92340, 38
92327, 37
92383, 40
92420, 38
92422, 37
92460, 38
92532, 37
92664, 38
92704, 38
92889, 38
92996, 40
93045, 37
93055, 40
93175, 40
93179, 38
93204, 37
93345, 38
93372, 40
93493, 37
93568, 40
93652, 38
93691, 37
93721, 38
93729, 40
93756, 37
93766, 38
93802, 38
93840, 37
93944, 40
94338, 40
94506, 37
94605, 40
94660, 37
94808, 40
94918, 40
95003, 40
95045, 37
95145, 40
95323, 37
95504, 40
95622, 40
95662, 38
95659, 37
95683, 40
95815, 40
95976, 37
96036, 37
96086, 40
96186, 37
96214, 38
96357, 37
96541, 38
96668, 38
96813, 38
96882, 38
97030, 38
97070, 40
97075, 37
97252, 40
97274, 38
97270, 40
97418, 40
97454, 37
97486, 38
97522, 37
97521, 40
97742, 40
97895, 37
97904, 40
97965, 38
98018, 40
98033, 38
98100, 38
98364, 37
98400, 38
98419, 37
98570, 37
98671, 38
98726, 38
98749, 37
98893, 40
99012, 40
99029, 38
99038, 38
99136, 40
99170, 38
99223, 40
99350, 40
99375, 40
99488, 40
99687, 38
99925, 40
99990, 38
100205, 37
100307, 40
100755, 38
100821, 37
100913, 37
100994, 38
101221, 40
101262, 40
101304, 37
101586, 40
101572, 37
101668, 38
101869, 40
101947, 37
102303, 38
102302, 37
102315, 37
102433, 38
102542, 40
102558, 40
102573, 37
102687, 38
102767, 40
102840, 38
102916, 37
102985, 38
103107, 40
103111, 38
103138, 38
103206, 37
103215, 38
103364, 37
103390, 37
103614, 38
103679, 40
103871, 37
104220, 37
104283, 38
104323, 40
104465, 38
104492, 38
104604, 40
104620, 37
104693, 38
104749, 37
104785, 40
104884, 37
105085, 38
105211, 38
105279, 37
105311, 37
105427, 37
105466, 40
105574, 37
105586, 38
105591, 40
105626, 38
105650, 37
105739, 37
105840, 37
105875, 40
105987, 37
106024, 40
106065, 37
106115, 38
106148, 38
106212, 38
106272, 38
106322, 37
106616, 40
106638, 38
106898, 38
107017, 38
107183, 38
107211, 40
107287, 37
107292, 40
107368, 38
107547, 40
107597, 38
107933, 40
108036, 40
108098, 40
108106, 37
108223, 38
108256, 40
108310, 40
108458, 38
108492, 40
108716, 40
108835, 40
108858, 37
108898, 40
108911, 37
108972, 37
109026, 40
109295, 37
109387, 37
109383, 38
109419, 38
109452, 40
109480, 38
109720, 38
109727, 37
109866, 37
109981, 38
110110, 40
110153, 38
110211, 37
110296, 38
110264, 40
110423, 37
110493, 40
110545, 38
110666, 37
110835, 38
110869, 38
110920, 37
110945, 40
111011, 38
111157, 37
111172, 40
111315, 40
111396, 38
111663, 38
111687, 38
111770, 38
111846, 38
111904, 37
111986, 37
112069, 38
112089, 40
112244, 38
112327, 40
112450, 40
112594, 38
112790, 38
113139, 38
113237, 40
113268, 38
113347, 37
113659, 38
113757, 40
113929, 37
114078, 38
114085, 40
114190, 38
114254, 37
114433, 38
114509, 40
114585, 38
114657, 37
114840, 38
114862, 37
114923, 38
115001, 38
115073, 37
115676, 40
115786, 38
115809, 38
115837, 38
116018, 37
116052, 40
116127, 38
116177, 37
116339, 38
116355, 40
116378, 40
116409, 37
116541, 37
116611, 37
116620, 37
116690, 40
116724, 38
116934, 40
117077, 40
117093, 40
117127, 37
117232, 38
117256, 37
117267, 40
117357, 40
117362, 37
117402, 37
117513, 37
117529, 37
117544, 40
117625, 38
117638, 38
117691, 40
117739, 38
118250, 37
118400, 37
118559, 40
118842, 37
118890, 40
118905, 38
118937, 38
119074, 37
119297, 40
119425, 37
119444, 38
119497, 40
119561, 37
119722, 37
119744, 40
119978, 40
119993, 37
120128, 37
120183, 38
120201, 37
120227, 37
120521, 40
120541, 38
120613, 38
120645, 37
120697, 40
120720, 40
120787, 37
120902, 38
121099, 38
121160, 40
121237, 38
121347, 38
121498, 38
121660, 37
121782, 37
121800, 40
121943, 40
121962, 38
122004, 38
122154, 38
122186, 37
122349, 40
122375, 38
122391, 38
122427, 38
122557, 38
122602, 37
122620, 37
122682, 37
122740, 37
122927, 40
122947, 38
122964, 38
122967, 40
123113, 38
123161, 38
123196, 40
123370, 40
123386, 37
123479, 37
123481, 38
123533, 37
123685, 40
123920, 38
124094, 38
124232, 40
124266, 40
124304, 38
124325, 38
124450, 38
124542, 38
124575, 38
124702, 37
124870, 40
124898, 37
124934, 40
125040, 37
125105, 37
125310, 40
125540, 40
125597, 37
125706, 37
125759, 38
126140, 40
126199, 40
126240, 37
126257, 38
126324, 38
126355, 38
126442, 38
126507, 38
126747, 37
126849, 38
126936, 40
126958, 40
127131, 40
127462, 37
127563, 40
127627, 38
127715, 37
128172, 37
128233, 37
128297, 38
128555, 38
128658, 38
128754, 38
128770, 40
128991, 40
129272, 37
129377, 40
129444, 40
129543, 40
129600, 40
129629, 38
129628, 40
129642, 37
129702, 40
129789, 40
129818, 38
129840, 37
129919, 38
130069, 40
130118, 38
130122, 40
130142, 38
130193, 40
130241, 38
130305, 37
130329, 38
130716, 38
131035, 38
131043, 40
131067, 37
131154, 40
131194, 38
131292, 37
131456, 38
131468, 37
131518, 38
131573, 38
131760, 38
131787, 38
131791, 40
131811, 38
131996, 40
132042, 38
132132, 37
132227, 38
132401, 37
132418, 37
132454, 37
132581, 40
132641, 40
132658, 38
132802, 38
132904, 40
133128, 40
133319, 40
133358, 40
133432, 37
133519, 38
133685, 40
133710, 40
133823, 37
134200, 38
134339, 37
134432, 40
134442, 37
134543, 40
134636, 40
134740, 40
134830, 37
134943, 37
135034, 40
135053, 37
135112, 37
135200, 38
135222, 40
135255, 37
135446, 40
135522, 37
135730, 38
135765, 37
135960, 38
135996, 40
136027, 40
136153, 37
136304, 37
136339, 40
136359, 40
136380, 38
136464, 40
136524, 40
136673, 37
136712, 38
136777, 40
136788, 37
136931, 40
137058, 38
137058, 40
137122, 38
137296, 38
137580, 38
137583, 40
137616, 40
137651, 37
137709, 40
137876, 40
137981, 40
138011, 37
138011, 40
138168, 38
138185, 38
138209, 40
138298, 40
138341, 37
138484, 40
138527, 38
138556, 38
138692, 40
138732, 37
138730, 38
138856, 38
138869, 38
138982, 37
138980, 40
139121, 40
139205, 40
139213, 38
139242, 40
139254, 37
139269, 38
139365, 37
139387, 37
139425, 40
139456, 37
139515, 37
139540, 37
139632, 37
139871, 38
139878, 37
139907, 40
139942, 38
140105, 38
140139, 37
140207, 40
140348, 38
140426, 40
140513, 38
140552, 37
140625, 37
140750, 40
140787, 37
140967, 38
141243, 38
141272, 38
141403, 38
141406, 37
141430, 37
141469, 40
141552, 37
141602, 40
141749, 38
142072, 37
142221, 40
142214, 37
142240, 40
142291, 38
142323, 37
142323, 40
142374, 38
142723, 38
143132, 40
143151, 37
143315, 38
143397, 38
143407, 40
143448, 38
143597, 40
143667, 38
143686, 38
143715, 38
143823, 38
143837, 40
143849, 38
143980, 37
144004, 40
144044, 40
144359, 38
144376, 40
144414, 40
144513, 38
144627, 37
144754, 38
144816, 37
144854, 38
144935, 37
144985, 38
145155, 38
145185, 37
145330, 40
145386, 38
145405, 40
145557, 38
145580, 38
145631, 37
145830, 40
145848, 38
145990, 38
145988, 37
146082, 38
146129, 37
146151, 38
146229, 38
146353, 37
146395, 38
146456, 37
146508, 38
146523, 40
146572, 38
146581, 40
146604, 40
146702, 37
146716, 40
146868, 40
146878, 38
146987, 37
147046, 38
147074, 37
147103, 40
147121, 37
147145, 37
147292, 40
147349, 37
147380, 37
147452, 38
147546, 40
147666, 37
147830, 40
147974, 37
147999, 37
148033, 38
148067, 40
148070, 37
148120, 40
148160, 37
148167, 38
148203, 37
148358, 37
148440, 38
148562, 37
148627, 37
148628, 40
148690, 40
148729, 37
148815, 40
148977, 38
149239, 38
149351, 38
149489, 40
149513, 37
149509, 40
149553, 37
149748, 38
149903, 38
149998, 40
150088, 37
150146, 38
150218, 38
150252, 37
150277, 37
150465, 40
150499, 38
150555, 38
150666, 40
150809, 40
150826, 40
151131, 37
151237, 40
151277, 40
151329, 38
151670, 38
151718, 38
151801, 37
151853, 40
151869, 40
151891, 40
151926, 40
151929, 38
151940, 37
151949, 40
152029, 37
152110, 38
152133, 40
152148, 37
152217, 37
152250, 40
152305, 40
152393, 38
152399, 40
152652, 37
152715, 40
152733, 37
152740, 38
152855, 37
152883, 40
152960, 38
152992, 38
153104, 40
153177, 38
153213, 38
153279, 40
153514, 37
153611, 40
153650, 38
153777, 40
153798, 40
153842, 37
153894, 37
153917, 38
154088, 37
154132, 40
154162, 37
154281, 37
154567, 38
154714, 37
154777, 40
154828, 37
154845, 37
154876, 40
155215, 40
155257, 38
155561, 38
155694, 40
155861, 38
155921, 37
156116, 40
156261, 37
156305, 38
156481, 38
156625, 38
156684, 38
156745, 40
156767, 38
156754, 37
156875, 40
156901, 37
157070, 37
157126, 37
157196, 40
157321, 40
157349, 40
157384, 38
157445, 38
157437, 40
157459, 37
157767, 37
157810, 40
157840, 37
157916, 37
157947, 38
158005, 40
158074, 40
158074, 38
158089, 37
158094, 40
158158, 38
158205, 40
158363, 37
158439, 37
158534, 40
158632, 38
158785, 38
158828, 40
158894, 40
158946, 40
158983, 37
159027, 38
159100, 37
159133, 37
159204, 37
159287, 40
159294, 38
159315, 37
159387, 37
159417, 38
159483, 40
159604, 38
159711, 38
159982, 37
160020, 38
160036, 40
160067, 40
160136, 40
160381, 37
160418, 40
119, 39
149, 39
176, 39
183, 39
207, 39
367, 39
400, 39
454, 36
592, 39
775, 39
814, 39
878, 39
964, 39
1030, 36
1079, 36
1090, 36
1135, 39
1159, 39
1198, 39
1263, 36
1506, 36
1503, 39
1522, 36
1670, 39
1750, 36
1850, 40
2001, 40
2151, 36
2285, 36
2289, 39
2311, 36
2315, 40
2421, 39
2485, 39
2532, 36
2652, 40
2668, 36
2699, 37
2853, 39
2909, 37
2920, 39
3190, 37
3223, 37
3414, 36
3586, 37
3586, 40
3720, 36
3788, 37
3844, 36
3847, 37
3880, 40
3905, 39
3919, 36
4041, 37
4127, 39
4196, 37
4220, 39
4265, 36
4293, 37
4347, 39
4458, 39
4411, 38
4537, 39
4731, 36
4723, 37
4819, 36
4952, 39
4981, 39
5124, 37
5183, 36
5388, 39
5486, 39
5700, 39
5779, 40
5863, 39
5897, 39
6066, 37
6150, 37
6250, 36
6416, 38
6529, 36
6744, 38
6788, 36
6855, 38
7083, 40
7170, 37
7229, 38
7355, 36
7358, 38
7398, 40
7442, 40
7504, 37
7618, 39
7643, 40
7743, 39
7933, 39
8022, 36
8044, 38
8075, 38
8096, 40
8123, 39
8165, 37
8294, 40
8537, 37
8634, 39
8621, 40
8727, 38
8809, 38
8927, 38
9022, 37
9130, 38
9205, 37
9219, 36
9313, 37
9510, 36
9535, 37
9588, 40
9639, 36
9894, 38
10022, 39
10043, 37
10145, 40
10211, 37
10223, 38
10251, 39
10532, 40
10586, 37
10623, 37
10665, 37
10659, 40
10703, 39
10779, 39
10794, 38
10822, 38
10872, 39
10950, 39
11096, 38
11159, 40
11214, 39
11372, 38
11395, 37
11494, 36
11590, 40
11596, 38
11664, 39
11698, 38
11722, 39
11904, 38
11932, 38
12062, 38
12175, 36
12171, 39
12217, 40
12274, 39
12296, 36
12306, 39
12344, 37
12327, 38
12410, 36
12487, 38
12510, 40
12673, 40
12676, 37
12759, 37
13038, 37
13067, 37
13093, 38
13106, 39
13186, 37
13224, 39
13300, 40
13714, 39
13713, 38
13746, 37
13848, 36
13887, 38
13989, 40
14095, 38
14305, 37
14323, 39
14384, 38
14409, 37
14542, 39
14607, 36
14682, 38
14792, 38
15039, 40
15105, 39
15206, 38
15199, 40
15551, 39
15574, 38
15616, 39
15681, 40
15717, 39
15756, 38
15818, 38
15969, 39
15983, 36
16119, 40
16162, 37
16229, 39
16509, 37
16611, 37
16693, 40
16710, 38
16790, 36
16800, 37
16957, 36
16961, 38
16966, 37
17092, 37
17142, 40
17164, 39
17284, 36
17345, 37
17439, 36
17436, 38
17463, 40
17519, 37
17552, 38
17841, 39
17837, 38
18101, 39
18201, 37
18242, 37
18548, 39
18575, 36
18738, 36
18733, 39
18771, 36
18895, 39
19050, 36
19238, 38
19255, 40
19272, 38
19342, 39
19356, 37
19492, 40
19495, 36
19494, 37
19541, 40
19872, 37
19874, 39
19891, 38
19936, 40
20332, 37
20369, 39
20394, 39
20385, 38
20431, 37
20485, 39
20526, 36
20919, 38
20945, 39
21072, 36
21120, 37
21157, 37
21215, 38
21254, 40
21301, 39
21338, 37
21472, 40
22001, 40
22040, 37
22043, 40
22085, 38
22162, 40
22230, 37
22228, 39
22303, 38
22326, 37
22441, 37
22588, 38
22748, 38
22784, 38
22817, 37
22836, 40
22858, 39
22986, 38
23027, 37
23073, 36
23112, 40
23133, 38
23146, 40
23199, 39
23214, 38
23327, 36
23375, 39
23407, 36
23457, 38
23514, 38
23561, 39
23858, 39
23950, 37
23997, 38
24110, 37
24156, 36
24233, 40
24240, 36
24283, 38
24307, 37
24334, 37
24422, 38
24616, 38
24762, 37
24809, 36
24857, 40
25042, 38
25041, 40
25198, 36
25238, 38
25278, 36
25481, 36
25493, 37
25520, 38
25537, 39
25562, 36
25583, 40
25602, 37
25712, 36
25713, 40
25760, 40
25812, 39
25887, 37
25970, 38
26027, 37
26113, 39
26164, 37
26386, 40
26410, 38
26436, 37
26441, 38
26491, 40
26504, 36
26537, 36
26603, 40
26673, 40
26681, 37
26736, 36
26945, 37
26949, 36
26968, 40
26993, 39
27060, 36
27144, 38
27207, 36
27227, 37
27257, 38
27272, 37
27281, 36
27440, 38
27443, 37
27580, 37
27637, 39
27649, 40
27683, 38
27800, 36
27868, 38
28012, 39
28108, 36
28125, 38
28160, 37
28184, 39
28245, 36
28446, 37
28472, 38
28586, 39
28601, 38
28646, 38
28805, 38
29112, 37
29288, 38
29382, 38
29436, 38
29491, 37
29485, 36
29628, 36
29931, 39
30067, 40
30208, 39
30396, 37
30445, 38
30546, 38
30711, 38
30757, 38
30749, 40
30863, 38
31155, 39
31316, 36
31458, 36
31560, 36
31618, 36
31667, 40
31762, 39
31863, 40
31921, 37
31930, 40
31938, 39
31995, 36
32031, 36
32225, 40
32251, 38
32322, 36
32335, 40
32408, 36
32478, 38
32567, 36
32640, 38
32638, 37
32686, 40
32745, 40
32685, 36
32764, 40
32988, 37
33067, 38
33189, 40
33310, 36
33470, 37
33564, 37
33599, 40
33648, 40
33805, 36
33841, 39
33879, 37
33903, 40
33970, 40
34427, 37
34425, 40
34637, 36
34687, 37
34748, 39
34862, 39
34997, 36
35020, 40
35049, 40
35109, 40
35155, 40
35224, 37
35222, 39
35374, 36
35493, 38
35524, 38
35557, 36
35592, 40
35601, 36
35660, 37
35734, 36
35760, 39
35784, 36
35930, 40
36045, 39
36102, 39
36154, 37
36264, 37
36285, 36
36336, 40
36586, 40
36653, 36
36692, 36
36714, 37
36807, 38
37004, 39
37015, 40
37095, 36
37240, 40
37277, 38
37303, 37
37395, 40
37776, 36
37787, 37
37841, 38
37890, 37
37992, 40
38005, 39
38125, 38
38135, 36
38181, 40
38230, 40
38256, 36
38289, 40
38397, 36
38402, 39
38499, 38
38538, 37
38578, 36
38618, 39
38689, 37
38700, 38
38709, 39
38767, 39
38859, 40
38870, 39
38921, 37
39050, 36
39061, 38
39152, 39
39177, 40
39189, 39
39286, 37
39530, 36
39553, 38
39571, 40
39681, 37
39687, 36
39940, 38
40251, 36
40281, 37
40276, 38
40374, 39
40467, 38
40489, 40
40602, 37
40636, 36
40771, 37
40841, 40
40851, 39
40898, 39
40939, 38
41034, 37
41068, 40
41094, 37
41670, 40
41859, 39
41944, 36
41993, 36
42034, 38
42085, 39
42203, 36
42205, 39
42257, 37
42290, 36
42369, 36
42382, 38
42401, 37
42405, 39
42541, 38
42547, 36
42694, 39
42716, 37
43060, 40
43146, 38
43258, 36
43296, 37
43369, 36
43505, 37
43585, 39
43767, 40
43799, 40
43905, 40
43907, 39
44025, 38
44125, 37
44293, 37
44349, 39
44342, 38
44397, 38
44409, 40
44567, 40
44693, 39
44696, 36
44834, 40
44857, 39
44898, 38
45122, 36
45193, 37
45191, 36
45298, 37
45306, 40
45394, 36
45403, 39
45457, 37
45498, 37
45682, 39
45715, 36
45744, 38
45808, 39
45857, 39
45881, 38
46117, 36
46447, 40
46454, 36
46495, 38
46539, 38
46716, 40
46804, 36
46815, 40
46847, 38
47011, 40
47029, 36
47146, 39
47272, 38
47415, 40
47544, 37
47579, 39
47645, 37
47794, 36
47803, 39
47875, 36
47977, 38
47983, 37
48007, 39
48034, 36
48219, 37
48227, 40
48460, 37
48556, 36
48617, 37
48641, 36
48759, 36
48767, 37
48808, 36
48843, 36
48927, 39
49018, 39
49109, 40
49217, 37
49285, 39
49438, 37
49444, 39
49666, 36
49676, 39
49889, 40
50058, 36
50120, 38
50153, 38
50199, 37
50328, 36
50394, 40
50451, 37
50456, 36
50630, 38
50710, 37
50819, 36
50895, 37
50993, 37
51046, 36
51116, 38
51257, 36
51315, 40
51306, 39
51386, 37
51516, 39
51681, 39
51688, 38
51702, 37
51779, 38
52020, 38
52181, 37
52223, 38
52228, 36
52284, 39
52360, 40
52518, 36
52541, 40
52569, 40
52667, 37
52745, 39
52791, 37
52797, 39
52836, 39
52980, 40
53025, 40
53212, 38
53224, 39
53313, 38
53640, 36
53803, 38
53968, 37
54106, 37
54146, 39
54146, 38
54459, 36
54536, 37
54598, 40
54706, 40
54734, 37
54749, 39
54779, 36
55009, 39
55052, 36
55074, 37
55453, 36
55510, 38
55591, 37
55633, 37
55751, 40
55783, 38
55786, 36
55822, 36
55842, 37
55857, 38
55919, 37
55959, 40
56139, 37
56204, 36
56488, 38
56626, 40
56660, 38
56684, 37
56678, 39
56879, 38
57015, 36
57089, 36
57127, 36
57168, 40
57171, 36
57174, 39
57222, 37
57260, 40
57517, 36
57725, 38
57730, 36
57776, 37
57802, 37
57808, 38
57830, 36
57835, 37
57825, 40
57940, 39
57985, 40
58151, 40
58277, 40
58323, 36
58439, 38
58554, 38
58600, 36
58629, 39
58685, 40
58738, 38
58845, 38
58976, 38
59093, 37
59327, 36
59427, 36
59505, 39
59582, 40
59591, 36
59658, 38
59697, 36
59874, 36
60017, 39
60306, 37
60396, 36
60488, 39
60496, 37
60625, 40
60712, 37
60804, 37
60892, 40
61074, 38
61141, 36
61216, 38
61254, 38
61459, 38
61487, 39
61664, 39
61689, 36
61717, 38
61797, 38
61827, 39
61886, 40
61906, 37
61935, 38
62015, 37
62045, 39
62056, 38
62098, 38
62150, 37
62179, 36
62197, 37
62385, 37
62402, 40
62451, 38
62503, 38
62597, 40
62625, 40
62718, 38
62781, 39
62786, 40
62814, 39
62951, 40
63074, 38
63178, 40
63216, 38
63246, 39
63353, 39
63545, 39
63692, 38
63714, 36
63726, 38
63747, 36
63861, 38
63969, 38
64144, 37
64302, 37
64505, 36
64598, 36
64616, 40
64643, 38
64649, 40
64703, 40
64838, 40
64860, 39
64813, 36
64912, 40
64943, 37
65091, 39
65132, 37
65259, 40
65309, 40
65539, 37
65649, 36
65645, 38
65745, 36
65773, 36
65912, 39
65966, 37
66063, 37
66146, 36
66179, 38
66247, 40
66373, 38
66381, 36
66614, 38
66790, 37
66888, 37
66950, 39
67058, 40
67114, 39
67158, 39
67159, 40
67215, 38
67348, 36
67479, 39
67694, 36
67797, 38
67814, 39
67919, 37
67963, 36
68067, 36
68135, 37
68217, 37
68249, 36
68308, 38
68329, 38
68324, 40
68837, 37
68870, 36
68960, 39
69046, 39
69325, 37
69364, 39
69403, 37
69405, 40
69482, 38
69509, 39
69526, 39
69644, 38
69722, 37
69789, 39
69873, 38
69921, 36
69931, 38
70047, 37
70214, 39
70248, 39
70397, 36
70400, 38
70452, 37
70610, 39
70655, 37
70728, 39
71095, 39
71092, 37
71143, 37
71303, 38
71334, 36
71403, 39
71464, 37
71502, 40
71566, 38
71604, 40
71645, 37
71693, 37
71686, 39
71763, 36
71791, 40
71825, 38
71924, 36
71945, 39
71980, 38
72079, 39
72087, 36
72162, 39
72192, 37
72249, 37
72250, 40
72466, 40
72486, 36
72518, 39
72517, 40
72565, 38
72564, 40
72700, 36
72739, 39
72777, 38
72884, 38
72898, 37
72944, 36
72948, 37
72979, 39
73082, 39
73201, 40
73295, 36
73411, 36
73476, 40
73501, 38
73710, 36
73905, 37
73935, 36
73928, 37
74008, 39
74241, 39
74301, 38
74325, 40
74439, 37
74443, 39
74480, 37
74561, 36
74592, 39
74738, 39
74815, 36
74838, 37
74846, 40
74997, 40
75085, 39
75186, 36
75308, 36
75309, 40
75491, 36
75582, 40
75648, 36
75706, 37
75732, 39
75958, 37
76057, 39
76124, 36
76169, 37
76168, 38
76174, 39
76230, 38
76297, 39
76351, 39
76877, 40
76942, 38
76979, 39
76971, 38
77164, 39
77164, 36
77188, 38
77233, 38
77296, 38
77337, 36
77440, 38
77515, 40
77654, 39
77685, 40
77714, 38
77721, 37
77754, 36
77943, 39
78081, 39
78098, 40
78120, 38
78299, 38
78343, 38
78353, 40
78398, 40
78474, 37
78633, 40
78664, 36
78670, 37
79047, 40
79215, 36
79229, 39
79292, 36
79331, 40
79405, 37
79527, 36
79645, 36
79826, 37
79849, 36
79902, 38
80035, 38
80091, 38
80101, 36
80176, 40
80210, 40
80267, 37
80364, 37
80464, 36
80477, 37
80652, 36
80903, 36
80926, 38
80911, 39
80923, 40
80944, 37
80971, 40
80995, 37
81033, 38
81165, 38
81197, 37
81291, 36
81299, 40
81349, 37
81508, 40
81866, 40
81900, 36
82027, 40
82090, 36
82112, 40
82234, 40
82336, 40
82369, 39
82487, 37
82547, 36
82670, 37
82728, 39
82852, 39
82904, 38
83157, 39
83188, 36
83219, 37
83246, 40
83319, 36
83556, 36
83693, 40
83713, 37
83757, 38
83839, 36
83881, 38
83934, 36
83930, 38
84298, 40
84314, 38
84443, 38
84495, 37
84521, 39
84529, 40
84628, 37
84738, 38
84766, 39
84788, 37
84914, 36
84917, 37
84970, 39
85055, 36
85073, 39
85134, 36
85276, 39
85319, 40
85351, 40
85393, 37
85443, 38
85647, 40
85700, 37
85851, 39
85857, 38
85875, 39
85949, 40
85968, 38
86112, 40
86287, 38
86384, 37
86502, 37
86617, 40
86658, 38
86698, 36
86794, 39
86840, 37
86861, 38
86877, 36
86877, 39
87250, 39
87275, 38
87509, 37
87538, 40
87583, 39
87626, 39
87878, 36
87922, 36
87990, 38
88042, 39
88073, 40
88086, 37
88156, 36
88163, 39
88166, 37
88251, 39
88408, 36
88472, 39
88575, 40
88740, 36
88887, 38
88993, 36
89060, 38
89099, 39
89189, 38
89301, 38
89352, 36
89355, 39
89394, 38
89414, 39
89457, 36
89491, 38
89596, 38
89633, 39
89664, 38
89705, 38
89748, 39
89883, 37
90076, 36
90079, 37
90085, 38
90155, 37
90209, 39
90341, 38
90376, 39
90556, 39
90588, 39
90618, 37
90787, 40
90817, 38
90864, 38
90903, 39
91070, 36
91252, 37
91496, 38
91675, 38
91701, 38
92049, 38
92058, 36
92092, 40
92155, 36
92515, 37
92631, 37
92640, 40
92702, 37
92853, 38
93085, 37
93240, 36
93294, 39
93354, 36
93502, 37
93513, 36
93586, 37
93627, 39
93750, 38
93779, 37
93791, 36
93831, 39
94028, 39
94171, 38
94234, 38
94252, 38
94312, 38
94409, 40
94461, 38
94501, 38
94657, 36
94710, 37
94774, 40
94801, 38
94822, 40
94912, 40
95088, 36
95260, 40
95272, 39
95325, 36
95322, 39
95375, 38
95497, 38
95745, 37
95839, 39
95859, 36
96029, 40
96082, 40
96120, 40
96191, 39
96218, 40
96239, 38
96322, 37
96646, 37
96678, 39
96733, 36
96765, 36
96788, 37
96869, 36
97010, 36
97186, 37
97236, 37
97374, 37
97376, 39
97700, 39
97742, 39
97803, 40
97975, 36
98089, 36
98174, 37
98278, 40
98324, 38
98453, 37
98515, 40
98564, 40
98620, 39
98631, 36
98699, 40
98732, 37
98825, 36
98877, 37
98875, 39
98972, 38
99053, 40
99087, 37
99125, 37
99642, 40
99654, 39
99678, 37
99741, 39
99778, 38
99783, 39
99970, 40
100229, 37
100412, 36
100547, 37
100549, 40
100658, 38
100663, 36
100685, 38
100701, 36
100805, 39
100910, 39
101084, 37
101113, 39
101159, 39
101210, 38
101264, 37
101526, 38
101808, 39
101851, 39
101994, 39
102187, 36
102221, 38
102259, 38
102355, 37
102405, 39
102467, 38
102666, 37
102702, 39
102706, 36
102729, 39
102849, 39
102856, 40
102877, 36
102935, 39
103107, 36
103128, 38
103200, 40
103232, 36
103547, 40
103635, 40
103650, 37
103857, 40
103934, 38
104056, 38
104197, 39
104265, 40
104380, 40
104489, 36
104543, 38
104662, 39
104661, 37
104724, 36
104756, 40
104777, 37
104928, 38
104942, 39
105057, 38
105082, 39
105168, 36
105196, 39
105301, 37
105366, 36
105370, 40
105583, 39
105689, 40
105695, 38
105716, 36
105801, 37
105837, 40
105888, 36
105935, 37
105943, 40
106171, 39
106185, 37
106271, 38
106387, 38
106441, 40
106567, 40
106575, 36
106597, 37
106669, 36
106792, 40
106941, 38
107085, 39
107148, 37
107226, 40
107324, 36
107365, 40
107434, 36
107503, 39
107534, 38
107554, 39
107794, 38
107911, 38
107951, 36
107944, 37
108085, 37
108556, 39
108663, 38
108668, 39
108697, 37
108738, 40
108731, 37
108760, 38
109013, 36
109174, 36
109249, 36
109295, 36
109305, 38
109497, 40
109535, 36
109579, 39
109622, 37
109631, 36
109705, 37
109952, 40
110110, 37
110229, 37
110275, 38
110296, 36
110426, 40
110636, 36
110801, 39
110831, 39
110976, 39
110986, 40
111090, 40
111176, 39
111186, 40
111311, 36
111399, 39
111496, 39
111766, 36
111830, 38
111903, 36
111932, 38
112181, 39
112413, 40
112448, 36
112481, 37
112484, 36
112542, 39
112579, 36
112726, 38
112753, 37
112728, 39
112854, 36
112862, 37
112952, 39
112984, 40
113103, 40
113197, 39
113207, 38
113260, 36
113320, 40
113329, 39
113353, 37
113570, 39
113679, 40
113765, 40
113850, 37
113913, 38
114102, 38
114237, 38
114307, 37
114350, 36
114366, 37
114439, 40
114502, 37
114551, 37
114568, 38
114661, 40
114721, 40
114898, 38
114925, 37
114956, 38
114965, 37
115017, 39
115081, 39
115133, 38
115136, 36
115141, 37
115150, 40
115218, 39
115249, 38
115415, 40
115621, 40
115774, 37
115926, 38
116013, 40
116145, 37
116160, 36
116190, 39
116239, 38
116239, 40
116293, 37
116393, 39
116425, 36
116431, 37
116443, 36
116468, 37
116705, 37
116908, 37
116946, 37
116983, 40
117075, 40
117153, 36
117179, 38
117175, 39
117225, 39
117382, 36
117470, 37
117483, 36
117521, 40
117918, 40
117918, 37
118078, 39
118153, 37
118238, 40
118406, 36
118560, 39
118603, 37
118659, 39
118814, 37
118842, 36
119044, 37
119062, 40
119267, 39
119392, 37
119466, 40
119507, 39
119518, 36
119529, 38
119532, 37
119557, 38
119575, 40
119729, 39
119786, 37
119936, 37
119970, 37
119982, 36
120033, 40
120086, 37
120113, 39
120161, 36
120413, 37
120425, 40
120447, 39
120547, 40
120591, 40
120744, 39
120742, 37
120834, 36
120860, 37
120908, 37
120913, 39
120924, 38
120967, 40
120970, 36
120996, 37
121031, 37
121155, 36
121160, 37
121226, 39
121523, 39
121551, 40
121663, 36
121668, 37
121794, 37
121807, 39
121917, 36
121924, 38
121955, 37
122108, 36
122257, 40
122265, 37
122347, 40
122384, 40
122461, 39
122488, 36
122498, 39
122768, 40
122857, 38
122868, 37
122878, 36
122904, 38
122921, 40
123005, 36
123071, 38
123079, 39
123219, 39
123312, 37
123365, 38
123615, 38
123736, 36
123777, 38
123980, 39
124112, 37
124186, 36
124187, 40
124221, 38
124344, 37
124664, 40
124707, 36
124796, 36
124868, 36
124875, 37
124921, 40
124935, 38
125028, 38
125120, 38
125217, 36
125301, 40
125503, 39
125511, 36
125523, 40
125610, 39
125765, 39
125850, 39
125897, 36
125946, 39
125972, 37
126002, 37
126037, 37
126071, 38
126099, 38
126292, 39
126323, 39
126337, 40
126372, 39
126437, 38
126494, 40
126607, 40
126689, 36
126718, 37
126727, 36
126863, 40
126872, 39
126900, 40
126913, 38
127005, 36
127044, 40
127070, 37
127427, 37
127474, 40
127532, 37
127535, 40
127630, 38
127757, 36
127883, 36
127984, 39
127995, 36
128037, 37
128285, 36
128309, 37
128327, 38
128402, 37
128423, 39
128449, 38
128515, 40
128570, 36
128600, 38
128823, 39
128989, 39
129026, 40
129037, 36
129122, 40
129217, 37
129277, 38
129307, 38
129394, 38
129460, 39
129564, 40
129585, 39
129664, 37
129788, 37
129821, 38
129949, 36
129960, 40
130006, 37
130064, 40
130070, 39
130108, 36
130206, 37
130238, 40
130295, 37
130377, 36
130407, 38
130433, 40
130627, 37
130680, 40
130721, 39
130790, 40
130887, 40
130922, 40
130979, 39
131043, 37
131111, 36
131178, 36
131248, 39
131263, 37
131268, 36
131346, 39
131446, 40
131549, 39
131622, 37
131727, 40
131733, 37
131774, 36
131911, 36
132056, 39
132085, 40
132200, 38
132419, 36
132458, 38
132572, 40
132584, 36
132653, 39
132713, 37
132734, 36
132757, 37
132817, 36
132865, 38
132885, 37
132913, 37
132936, 38
133003, 37
133070, 36
133131, 39
133148, 40
133397, 37
133576, 38
133676, 36
133709, 38
133808, 37
133906, 37
134107, 36
134177, 37
134212, 39
134226, 38
134282, 38
134418, 36
134610, 39
134783, 40
134809, 39
134888, 36
134915, 38
134924, 40
135009, 36
135034, 40
135181, 37
135216, 40
135241, 36
135283, 36
135320, 36
135383, 39
135395, 38
135431, 37
135447, 36
135595, 40
135628, 40
135738, 37
136005, 40
136024, 38
136032, 36
136167, 38
136195, 37
136218, 38
136309, 37
136327, 36
136486, 38
136771, 37
136821, 38
136876, 38
136881, 36
136981, 40
136999, 37
137010, 38
137102, 40
137179, 38
137236, 40
137234, 38
137336, 40
137352, 38
137455, 39
137458, 37
137600, 37
137637, 36
137681, 39
137696, 40
137719, 40
137757, 39
137793, 40
137823, 37
138014, 39
138183, 39
138283, 39
138357, 38
138383, 40
138398, 36
138480, 40
138588, 39
138823, 36
138886, 39
139027, 37
139041, 40
139057, 37
139350, 39
139385, 38
139412, 36
139440, 38
139493, 37
139581, 36
139636, 40
139700, 38
139825, 36
139833, 38
140142, 36
140218, 37
140226, 39
140271, 38
140309, 38
140338, 36
140408, 37
140442, 39
140619, 38
140678, 37
140685, 36
140720, 39
140737, 36
140751, 40
140810, 37
140865, 36
140931, 40
141020, 39
141132, 38
141165, 38
141177, 36
141219, 36
141267, 38
141291, 38
141338, 38
141368, 40
141611, 37
141679, 40
141717, 38
141726, 36
141774, 36
141856, 38
141868, 40
141917, 40
142031, 39
142332, 39
142424, 36
142548, 37
142566, 38
142586, 37
142649, 36
142686, 36
142699, 38
142744, 39
142750, 37
142787, 39
142878, 37
143140, 40
143265, 36
143352, 37
143396, 38
143425, 39
143512, 36
143567, 38
143711, 39
143760, 39
143853, 36
143894, 36
144146, 39
144166, 39
144404, 40
144512, 39
144569, 40
144608, 40
144704, 40
144831, 38
144904, 39
145209, 37
145221, 40
145262, 39
145365, 38
145405, 37
145464, 39
145608, 38
145646, 36
145892, 40
145935, 40
146114, 37
146222, 40
146513, 37
146706, 40
146745, 37
146756, 36
146755, 40
146951, 37
147043, 40
147065, 37
147076, 36
147109, 37
147116, 38
147142, 39
147159, 36
147194, 37
147237, 38
147243, 40
147325, 38
147385, 40
147528, 37
147727, 38
147797, 36
147945, 37
147994, 38
148116, 36
148140, 37
148125, 38
148327, 38
148383, 37
148473, 37
148505, 40
148566, 39
148603, 38
148608, 40
148766, 36
148915, 39
148995, 38
149110, 38
149131, 39
149304, 39
149341, 37
149418, 40
149486, 39
149533, 37
149563, 40
149574, 37
149699, 40
149922, 36
150024, 40
150168, 37
150293, 40
150420, 37
150634, 36
150755, 39
150861, 38
151038, 40
151066, 39
151114, 37
151191, 38
151392, 40
151527, 39
151648, 38
151673, 39
151682, 38
151735, 36
151735, 39
151758, 36
151858, 36
151952, 37
151974, 38
151986, 40
152003, 39
152002, 38
152099, 39
152174, 38
152389, 39
152456, 40
152516, 39
152580, 37
152624, 40
152666, 39
152675, 38
152960, 36
153121, 38
153137, 40
153198, 40
153287, 40
153452, 37
153722, 40
154015, 39
154116, 40
154171, 36
154257, 40
154274, 39
154287, 38
154303, 40
154331, 38
154399, 37
154542, 38
154765, 40
154773, 37
154874, 39
154883, 36
154939, 37
154978, 39
155037, 37
155073, 40
155136, 37
155221, 37
155267, 40
155317, 38
155415, 39
155435, 39
155538, 36
155576, 38
155681, 38
155761, 39
155769, 36
155952, 37
156107, 39
156116, 36
156159, 38
156235, 36
156444, 38
156532, 37
156541, 38
156566, 36
156643, 37
157117, 38
157138, 37
157142, 40
157190, 36
157339, 39
157401, 39
157429, 37
157441, 38
157454, 36
157555, 36
157587, 39
157706, 39
157717, 40
157735, 39
157757, 37
157808, 36
158021, 37
158143, 38
158154, 36
158205, 39
158254, 38
158389, 38
158490, 38
158516, 37
158561, 37
158674, 37
158753, 36
158867, 37
158943, 40
158934, 39
158982, 39
159013, 36
159053, 38
159130, 37
159123, 39
159205, 37
159329, 40
159410, 37
159443, 39
159457, 38
159534, 37
159552, 39
159582, 37
159676, 40
159696, 37
159702, 36
159730, 39
159969, 39
160057, 40
160178, 37
160234, 36
160367, 36
160412, 39
160418, 40
160589, 37
160629, 39
160648, 38
160660, 40
160864, 40
161000, 36
161044, 40
161114, 36
161139, 40
161159, 36
161164, 38
161235, 40
161263, 39
161277, 36
161289, 37
161318, 38
161401, 37
161513, 40
161551, 39
161609, 40
161619, 38
161660, 38
161698, 39
161793, 40
161805, 38
161889, 40
161987, 39
162005, 40
162040, 40
162071, 36
162109, 36
162145, 39
162178, 40
162398, 40
162420, 39
162445, 39
162604, 36
162650, 39
162670, 37
162670, 38
162771, 36
162776, 38
162785, 39
162820, 40
162828, 39
162913, 38
163048, 39
163144, 39
163217, 38
163340, 37
163353, 38
163484, 40
163496, 37
163539, 38
163724, 36
163804, 37
163915, 36
163959, 40
163972, 36
164087, 37
164121, 36
164155, 40
164300, 38
164517, 36
164564, 37
164718, 37
164728, 36
164774, 39
164884, 36
164921, 40
164984, 38
164996, 36
165093, 38
165176, 36
165202, 38
165405, 40
165472, 39
165577, 40
165631, 40
165714, 37
165736, 38
165990, 38
166005, 39
166040, 37
166052, 36
166082, 38
166267, 37
166320, 36
166357, 36
166527, 40
166552, 40
166704, 40
166724, 37
166746, 38
166846, 38
166883, 39
166905, 37
166919, 38
166991, 40
167209, 38
167316, 38
167319, 39
167407, 37
167517, 37
167775, 36
167902, 38
167889, 39
168114, 40
168121, 36
168137, 38
168154, 39
168280, 39
168407, 37
168524, 40
168560, 40
168615, 36
169005, 38
169084, 36
169135, 39
169186, 38
169216, 40
169225, 37
169230, 36
169667, 40
169723, 39
169816, 36
169870, 38
170169, 40
170241, 38
170352, 40
170372, 39
170401, 39
170552, 38
170556, 37
170651, 39
170686, 39
170782, 37
170842, 36
170849, 37
170852, 39
170852, 40
171124, 38
171250, 38
171284, 37
171411, 37
171520, 36
171602, 39
171648, 37
171689, 39
171691, 37
171712, 38
171787, 38
171855, 37
171874, 40
171961, 38
172110, 37
172169, 38
172216, 39
172226, 37
172273, 37
172308, 36
172379, 40
172670, 38
172687, 37
172720, 37
172742, 38
172746, 40
172903, 39
172932, 37
173095, 38
173234, 40
173334, 40
173341, 39
173451, 40
173454, 38
173462, 39
173702, 39
173743, 39
173799, 39
173920, 40
173975, 40
173983, 36
173971, 39
174022, 38
174027, 36
174134, 39
174151, 36
174287, 36
174408, 38
174675, 37
174727, 39
174766, 40
174800, 37
174821, 36
174822, 39
174910, 37
175054, 37
175246, 39
175274, 37
175333, 36
175346, 38
175376, 36
175481, 36
175483, 37
175540, 38
175625, 39
175646, 38
175777, 38
175824, 38
175843, 39
175897, 37
175942, 39
175984, 37
176068, 36
176223, 38
176293, 39
176337, 38
176419, 36
176498, 38
176519, 39
176549, 36
176581, 38
176623, 38
176636, 36
176639, 39
176682, 40
176815, 40
176806, 37
176853, 36
176910, 39
177131, 37
177185, 38
177221, 37
177302, 38
177351, 36
177587, 37
177672, 37
177832, 40
177843, 37
177846, 38
177846, 39
177851, 36
178031, 37
178073, 38
178136, 36
178176, 36
178189, 38
178215, 40
178226, 39
178399, 37
178427, 39
178526, 37
178578, 36
178681, 38
178738, 37
178812, 38
178873, 37
178939, 38
179059, 36
179149, 40
179164, 38
179218, 40
179435, 39
179529, 39
179562, 38
179565, 36
179596, 37
179714, 39
179739, 36
179847, 36
180002, 36
180013, 38
180152, 37
180238, 39
180286, 38
180384, 40
180515, 39
180552, 38
180681, 37
180773, 37
180840, 40
180874, 40
180910, 39
181299, 36
181361, 38
181602, 36
181610, 38
181764, 40
181799, 40
181860, 37
181870, 36
181898, 40
181887, 37
181907, 36
182037, 38
182101, 36
182146, 38
182208, 37
182316, 39
182530, 37
182600, 39
182662, 38
182668, 40
182706, 38
182750, 36
182799, 36
182839, 39
183046, 40
183221, 36
183238, 38
183336, 37
183424, 37
183484, 36
183527, 37
183544, 38
183622, 37
183622, 39
183942, 39
183953, 36
184144, 38
184250, 39
184313, 36
184444, 36
184507, 37
184613, 36
184863, 37
185042, 39
185416, 40
185519, 39
185734, 40
185759, 38
185857, 38
185916, 37
186009, 37
186081, 36
186171, 39
186222, 38
186262, 37
186327, 36
186383, 38
186479, 38
186521, 36
186614, 38
186663, 39
186709, 39
186839, 38
186867, 36
186962, 36
186982, 39
187095, 39
187113, 37
187144, 37
187177, 39
187189, 37
187200, 36
187180, 38
187249, 38
187315, 37
187372, 36
187382, 39
187479, 38
187569, 40
187632, 39
187639, 37
187661, 40
187666, 38
187684, 37
187737, 36
187802, 40
187866, 36
187881, 40
188165, 39
188198, 38
188227, 38
188537, 36
188550, 37
188560, 38
188604, 38
188811, 37
188850, 39
188859, 40
188958, 39
188984, 40
189127, 39
189129, 38
189312, 40
189530, 37
189586, 39
189591, 38
189681, 40
189725, 38
189937, 37
189974, 39
190023, 36
190047, 38
190166, 40
190256, 38
190260, 40
190305, 40
190310, 38
190322, 39
190369, 37
190450, 38
190509, 39
190611, 37
190661, 36
190811, 38
190874, 37
190916, 38
190962, 40
191010, 40
191109, 36
191182, 40
191320, 39
191366, 37
191428, 39
191505, 38
191510, 36
191525, 39
191536, 40
191555, 36
191580, 37
191664, 39
191672, 37
191726, 37
191763, 36
191804, 36
191804, 39
191848, 38
192057, 37
192196, 40
192218, 39
192238, 40
192399, 40
192512, 36
192526, 40
192641, 40
192713, 37
192750, 40
192852, 37
193012, 39
193096, 39
193198, 39
193390, 36
193412, 36
193530, 40
193570, 36
193588, 40
193805, 40
193909, 38
193909, 37
193926, 39
194053, 37
194098, 37
194141, 36
194180, 38
194170, 39
194314, 36
194424, 40
194449, 37
194461, 39
194790, 40
194983, 40
195020, 40
195199, 37
195386, 39
195418, 40
195416, 39
195441, 37
195498, 36
195690, 38
195707, 36
195845, 39
195878, 40
195881, 37
195964, 39
196028, 40
196042, 36
196051, 37
196086, 37
196133, 36
196169, 36
196170, 39
196215, 40
196246, 38
196304, 39
196480, 39
196700, 37
196708, 38
196832, 36
196950, 40
197033, 36
197211, 40
197329, 39
197342, 38
197362, 40
197455, 38
197497, 37
197678, 36
197739, 39
197854, 39
197887, 37
197943, 36
197967, 39
198330, 40
198391, 38
198398, 40
198430, 38
198447, 40
198508, 40
198599, 36
198609, 39
198655, 38
198746, 38
198884, 36
198989, 37
199227, 38
199310, 39
199343, 36
199343, 39
199437, 36
199497, 39
199806, 37
199949, 38
199992, 37
200062, 40
200133, 38
200160, 38
200195, 39
200349, 36
200357, 38
200491, 38
200511, 39
200762, 36
200794, 38
200895, 39
201089, 36
201100, 39
201275, 38
201394, 37
201449, 38
201491, 40
201635, 38
201674, 40
201845, 36
201873, 38
201891, 39
202010, 40
202177, 39
202242, 37
202552, 37
202574, 36
202621, 36
202665, 40
202710, 37
202891, 37
202979, 36
203013, 40
203064, 36
203094, 40
203163, 40
203217, 36
203250, 36
203387, 37
203602, 36
203619, 39
203774, 37
203860, 37
203956, 40
203985, 40
204043, 39
204252, 37
204426, 39
204440, 38
204530, 37
204550, 36
204634, 40
204674, 40
204686, 37
204827, 37
204940, 40
205077, 40
205096, 39
205226, 37
205279, 40
205309, 37
205307, 40
205644, 38
205700, 40
205800, 36
205810, 38
205844, 36
205943, 38
205971, 40
206008, 40
206067, 40
206066, 39
206161, 36
206212, 38
206250, 38
206357, 40
206606, 36
206719, 37
206822, 38
206832, 37
207035, 36
207331, 36
207374, 37
207598, 37
207725, 38
207829, 39
207830, 40
207972, 40
207987, 36
208234, 39
208491, 37
208678, 38
208807, 36
208812, 37
208859, 39
209055, 38
209119, 39
209156, 39
209453, 36
209500, 37
209522, 38
209542, 37
209684, 38
209781, 37
209935, 40
210001, 39
210043, 39
210092, 39
210152, 38
210293, 39
210345, 37
210463, 38
210490, 36
210511, 39
210541, 37
210661, 36
210695, 38
210798, 38
210865, 39
210903, 39
210930, 37
210997, 38
211031, 36
211058, 39
211133, 36
211342, 38
211402, 40
211457, 36
211534, 36
211636, 40
211671, 39
211680, 37
211723, 38
211859, 38
211925, 39
211983, 38
212012, 37
212025, 39
212154, 37
212248, 39
212291, 40
212411, 37
212557, 36
212586, 40
212596, 36
212675, 37
212709, 37
212724, 36
212766, 40
212832, 39
212907, 36
213191, 40
213208, 36
213359, 40
213385, 39
213402, 36
213435, 36
213550, 40
213636, 39
213999, 40
214017, 36
214112, 39
214148, 36
214289, 37
214335, 36
214406, 40
214597, 36
214625, 37
214650, 40
214678, 39
214836, 40
214863, 39
215006, 38
215092, 37
215188, 40
215232, 37
215240, 36
215304, 37
215348, 36
215453, 36
215474, 39
215582, 38
215688, 39
215715, 40
215975, 40
215994, 38
215999, 39
216018, 38
216139, 36
216164, 36
216306, 37
216326, 39
216576, 37
216613, 40
216627, 38
216680, 36
216785, 38
216851, 37
216889, 36
216882, 39
217119, 40
217137, 37
217161, 36
217202, 38
217205, 36
217290, 39
217329, 40
217534, 38
217605, 36
217825, 36
217868, 38
217885, 38
217953, 37
218033, 40
218083, 37
218188, 36
218407, 38
218588, 37
218626, 36
218594, 40
218721, 36
218744, 39
218767, 38
218784, 39
218912, 36
218922, 37
219038, 36
219078, 36
219137, 39
219270, 40
219298, 38
219410, 39
219487, 37
219523, 36
219562, 37
219610, 38
219831, 39
219975, 36
220132, 38
220302, 39
220420, 36
220424, 39
220460, 36
220571, 39
220597, 36
220679, 39
220714, 36
220788, 39
220787, 37
220875, 39
221096, 36
221116, 37
221203, 38
221246, 38
221302, 38
221388, 40
221541, 39
221547, 38
221693, 38
221774, 37
221909, 39
222080, 36
222225, 37
222246, 40
222275, 36
222386, 39
222422, 37
222614, 38
222805, 38
222860, 37
222896, 39
222897, 37
222961, 36
223028, 39
223106, 38
223193, 39
223279, 39
223388, 39
223408, 36
223456, 39
223557, 37
223554, 39
223719, 38
223757, 40
223790, 37
224011, 39
224049, 37
224063, 39
224337, 40
224462, 40
224465, 38
224569, 40
224663, 37
224671, 40
224729, 36
224839, 37
224887, 38
224980, 39
225047, 37
225064, 40
225245, 40
225284, 36
225561, 38
225822, 37
225878, 39
225926, 39
226041, 36
226178, 36
226254, 40
226403, 38
226652, 40
226679, 40
226753, 39
226759, 37
226824, 37
226875, 39
226914, 40
226940, 36
226935, 40
226969, 38
226999, 39
227044, 37
227134, 39
227240, 37
227252, 36
227283, 37
227419, 38
227734, 37
227744, 36
227825, 37
228079, 37
228225, 38
228224, 40
228410, 40
228537, 36
228545, 39
228605, 38
228649, 39
228742, 40
228769, 39
228772, 38
228781, 36
228888, 37
229067, 36
229123, 39
229488, 39
229551, 37
229652, 36
229757, 38
229813, 40
229875, 39
230014, 39
230055, 39
230108, 39
230347, 38
230394, 37
230422, 38
230428, 36
230476, 40
230531, 39
230577, 40
230682, 38
230712, 38
230788, 38
231033, 37
231043, 36
231117, 37
231187, 40
231248, 39
231360, 36
231363, 37
231484, 40
231649, 37
231654, 39
231706, 38
231868, 38
232028, 40
232194, 36
232228, 36
232400, 37
232612, 36
232730, 37
232901, 38
232920, 40
232981, 36
233088, 36
233185, 39
233277, 39
233514, 40
233569, 36
233601, 40
233694, 38
233788, 37
233859, 38
233898, 37
233936, 37
233968, 38
234175, 40
234244, 36
234443, 36
234492, 37
234495, 38
234497, 39
234554, 39
234681, 37
234721, 40
234757, 40
234931, 39
234944, 38
235096, 37
235246, 40
235354, 38
235398, 37
235551, 36
235594, 36
235773, 39
236014, 36
236058, 39
236163, 36
236188, 38
236191, 36
236280, 39
236384, 39
236458, 36
236500, 37
236506, 38
236634, 38
236948, 38
236987, 39
237019, 37
237172, 38
237193, 38
237253, 36
237444, 38
237651, 37
237804, 36
237835, 36
237948, 40
237961, 39
237999, 39
238026, 36
238091, 38
238109, 39
238340, 36
238464, 39
238469, 40
238659, 37
238749, 36
238889, 40
238884, 37
238904, 38
239051, 40
239251, 40
239364, 39
239382, 36
239393, 38
239395, 37
239518, 39
239678, 36
239795, 36
239836, 39
240011, 37
240054, 40
240063, 39
240125, 38
240178, 39
240199, 40
240235, 37
240227, 38
240329, 37
240428, 39
240464, 36
240544, 36
240572, 37
240565, 38
240627, 40
240746, 36
240745, 40
240759, 37
240920, 40
240943, 39
240996, 36
241152, 38
241237, 38
241242, 37
241286, 37
241431, 39
241438, 37
241798, 37
241869, 39
241925, 36
242023, 39
242075, 38
242156, 38
242159, 39
242244, 37
242276, 36
242449, 36
242546, 36
242548, 40
242601, 40
242728, 37
242733, 39
242762, 38
242760, 37
242837, 39
242864, 38
242888, 40
242993, 40
243045, 39
243101, 38
243186, 38
243299, 36
243575, 40
243565, 38
243665, 38
243802, 38
243836, 40
243835, 39
243872, 40
243879, 39
243879, 38
243927, 40
243930, 39
243996, 37
244082, 36
244398, 36
244426, 36
244522, 38
244624, 36
244669, 36
244703, 36
244715, 38
244738, 37
244866, 37
244869, 40
244905, 36
245046, 36
245047, 40
245143, 38
245171, 40
245190, 36
245233, 37
245364, 36
245379, 40
245521, 40
245797, 36
245841, 36
246161, 36
246257, 38
246424, 36
246464, 40
246542, 39
246652, 36
246649, 39
246664, 37
246707, 37
246805, 36
246785, 39
246842, 36
246885, 37
246923, 36
246969, 40
247001, 39
247010, 38
247028, 39
247045, 40
247217, 40
247358, 40
247399, 36
247489, 38
248221, 37
248277, 39
248282, 36
248391, 40
248608, 36
248590, 40
248630, 38
248823, 37
248885, 39
248921, 40
249094, 37
249234, 38
249361, 39
249468, 39
249502, 39
249537, 36
249659, 39
249726, 37
249933, 39
249990, 36
250083, 39
250130, 40
250304, 37
250302, 39
250320, 40
250364, 36
250460, 36
250463, 40
250566, 37
250612, 40
250650, 36
250709, 37
250739, 38
250771, 39
250900, 36
250908, 37
250938, 36
250997, 37
251068, 38
251108, 36
251149, 36
251173, 37
251273, 38
251307, 36
251313, 39
251396, 37
251441, 40
251496, 39
251534, 36
251562, 40
251701, 40
251916, 38
251909, 39
251950, 40
252117, 39
252293, 40
252332, 39
252344, 36
252352, 37
252447, 37
252590, 38
252619, 39
252664, 37
252667, 38
252669, 39
252705, 40
252820, 36
252946, 38
253291, 40
253379, 36
253511, 37
253535, 38
253565, 37
253572, 38
253599, 36
253662, 38
253753, 40
253817, 37
254206, 38
254203, 39
254289, 38
254372, 38
254433, 37
254465, 39
254715, 39
254796, 36
255044, 36
255142, 37
255314, 38
255330, 39
255369, 39
255412, 39
255557, 40
255650, 36
255678, 40
255689, 39
255848, 37
255880, 36
255937, 40
256017, 39
256067, 38
256242, 40
256306, 38
256349, 39
256435, 37
256600, 36
256716, 38
256769, 36
256784, 40
256812, 38
256869, 36
256897, 39
256921, 38
257016, 39
257036, 37
257184, 40
257205, 37
257216, 40
257246, 39
257291, 39
257321, 36
257404, 40
257419, 36
257456, 39
257506, 39
257551, 39
257564, 37
257600, 39
257623, 40
257667, 36
257691, 39
257816, 39
257846, 40
257912, 36
257930, 37
257941, 36
257980, 37
257990, 39
258027, 40
258235, 38
258268, 40
258364, 37
258405, 40
258405, 37
258465, 37
258517, 40
258701, 39
258805, 39
258819, 38
258867, 36
258936, 40
259035, 37
259408, 38
259448, 37
259482, 39
259504, 38
259531, 37
259685, 40
259688, 38
259936, 39
259963, 36
259959, 40
260000, 38
260050, 36
260227, 40
260265, 39
260338, 37
260392, 39
260420, 40
260623, 39
260673, 37
260747, 39
260770, 38
260775, 37
260797, 40
260796, 39
260782, 36
261039, 40
261067, 38
261123, 37
261182, 38
261432, 38
261672, 40
261881, 40
261979, 40
262115, 38
262205, 40
262244, 36
262572, 40
262689, 40
262821, 39
262932, 39
262946, 36
263038, 39
263113, 38
263127, 39
263159, 38
263243, 38
263281, 38
263336, 36
263460, 40
263568, 37
263691, 38
263731, 39
263814, 38
263915, 36
263921, 40
263954, 36
263953, 40
263992, 36
264068, 40
264160, 36
264327, 38
264389, 37
264476, 37
264517, 36
264669, 36
264727, 40
264772, 40
264795, 36
264897, 36
264898, 40
265108, 36
265133, 39
265286, 36
265304, 40
265405, 37
265531, 36
265602, 36
265917, 37
266038, 40
266268, 40
266299, 39
266307, 38
266410, 37
266418, 39
266443, 38
266496, 37
266581, 36
266665, 36
266923, 37
266958, 39
267077, 37
267122, 37
267188, 36
267244, 37
267318, 38
267377, 36
267454, 38
267470, 36
267605, 36
267622, 39
267689, 38
267719, 37
268078, 37
268228, 38
268278, 38
268449, 37
268478, 37
268510, 39
268581, 37
268788, 40
268975, 36
268980, 38
269067, 37
269056, 39
269128, 38
269214, 39
269245, 40
269250, 39
269286, 37
269332, 40
269387, 38
269451, 37
269497, 38
269522, 39
269538, 40
269568, 40
269608, 37
269638, 39
269813, 37
269824, 39
269845, 37
269895, 37
269945, 39
269992, 36
270005, 37
270039, 36
270129, 38
270139, 37
270244, 40
270383, 38
270413, 38
270521, 39
270542, 36
270698, 40
270723, 37
270744, 39
270769, 38
270971, 39
271136, 37
271323, 36
271317, 39
271393, 40
271551, 40
271589, 36
271601, 37
271631, 36
271632, 39
271668, 36
271748, 39
271851, 40
271855, 38
272026, 39
272109, 36
272119, 38
272170, 38
272218, 36
272227, 37
272301, 36
272351, 38
272410, 36
272474, 39
272537, 36
272712, 38
272761, 39
272936, 38
273042, 38
273064, 40
273067, 39
273120, 38
273165, 37
273202, 36
273383, 39
273425, 39
273550, 38
273573, 39
273594, 38
273607, 40
273668, 37
273685, 36
273771, 40
273834, 37
273949, 40
274162, 37
274287, 37
274489, 38
274554, 37
274588, 36
274627, 39
274680, 36
274731, 37
275125, 40
275170, 38
275203, 39
275509, 36
275601, 37
275725, 37
275733, 40
275776, 40
275793, 38
275917, 39
276071, 37
276274, 37
276305, 36
276343, 38
276382, 39
276588, 40
276596, 38
276629, 37
276681, 37
276732, 38
276877, 39
276901, 37
276945, 39
276963, 36
277002, 37
277054, 36
277167, 36
277173, 39
277315, 39
277397, 38
277447, 39
277465, 36
277470, 37
277486, 39
277504, 36
277652, 38
277688, 36
277694, 39
277695, 40
277748, 38
277939, 37
278100, 38
278137, 37
278388, 40
278455, 39
278458, 36
278588, 39
278660, 36
278808, 38
278842, 37
278866, 40
278886, 38
279030, 39
279077, 40
279088, 36
279090, 37
279124, 36
279129, 37
279164, 40
279177, 37
279189, 40
279253, 37
279242, 39
279353, 36
279423, 38
279583, 36
279910, 40
279912, 37
279928, 36
279964, 40
280038, 37
280192, 36
280234, 36
280270, 39
280302, 39
280457, 38
280660, 38
280783, 39
280814, 40
280907, 36
280976, 38
281009, 38
281028, 39
281176, 38
281213, 36
281237, 40
281304, 36
281354, 40
281421, 38
281631, 39
281682, 38
281780, 37
281840, 40
281849, 39
281909, 39
281963, 40
281982, 37
282103, 38
282113, 39
282146, 39
282162, 36
282246, 37
282290, 39
282320, 38
282404, 37
282408, 39
282539, 37
282540, 39
282566, 39
282601, 38
282597, 40
282696, 40
282721, 38
282892, 39
282955, 36
282989, 40
283005, 39
283039, 37
283050, 38
283121, 36
283133, 37
283155, 36
283172, 38
283289, 36
283310, 38
283356, 37
283579, 38
283819, 39
283845, 36
283868, 40
284001, 37
284084, 36
284218, 40
284285, 37
284330, 40
284423, 37
284508, 38
284502, 39
284563, 37
284601, 40
284609, 39
284711, 36
284759, 36
284785, 40
284914, 38
284959, 36
285239, 36
285284, 36
285306, 37
285352, 37
285399, 39
285502, 36
285520, 39
285780, 40
285934, 37
285972, 37
286017, 37
286144, 40
286294, 36
286301, 37
286342, 37
286656, 37
286694, 37
286727, 40
286744, 37
286851, 36
286860, 37
286925, 38
286988, 36
286994, 39
287110, 37
287158, 39
287203, 39
287248, 39
287363, 38
287412, 37
287460, 38
287503, 37
287533, 37
287555, 36
287596, 37
287644, 37
287682, 36
287847, 38
288120, 37
288213, 37
288432, 39
288532, 36
288527, 40
288640, 39
288647, 40
288680, 39
288722, 39
288775, 36
288840, 37
289016, 36
289105, 36
289218, 37
289256, 39
289270, 37
289361, 37
289408, 39
289453, 40
289503, 37
289611, 39
289977, 37
290037, 40
290048, 39
290067, 40
290081, 39
290102, 40
290137, 37
290191, 38
290232, 38
290276, 38
290277, 39
290316, 39
290331, 36
290370, 36
290398, 40
290428, 38
290562, 37
290646, 39
