40, 40
47, 40
120, 40
166, 40
205, 40
372, 40
675, 37
726, 40
782, 40
845, 40
950, 37
970, 40
1035, 40
1055, 37
1095, 37
1188, 40
1367, 40
1389, 40
1386, 37
1416, 37
1417, 40
1449, 37
1498, 37
1548, 37
1598, 40
1808, 37
1857, 37
1908, 37
1955, 40
1985, 36
2050, 37
2163, 37
2190, 40
2308, 37
2313, 40
2386, 37
2427, 36
2660, 37
2680, 37
2737, 37
2747, 36
2858, 40
2926, 36
3055, 40
3109, 40
3152, 40
3265, 36
3299, 37
3348, 36
3363, 40
3426, 40
3491, 36
3538, 37
3672, 37
3810, 37
3844, 39
3989, 39
4092, 36
4286, 37
4387, 37
4481, 40
4621, 36
4639, 37
4646, 36
4778, 40
4848, 37
4833, 36
4867, 39
4901, 39
4947, 36
4979, 36
5023, 36
5083, 36
5104, 36
5151, 36
5239, 40
5253, 37
5485, 37
5561, 37
5636, 39
5635, 40
5792, 37
5782, 40
5795, 39
6092, 36
6115, 38
6156, 37
6245, 38
6337, 40
6437, 37
6594, 37
6621, 36
6623, 38
6647, 40
6754, 37
6797, 40
6905, 38
7009, 38
7024, 39
7106, 40
7196, 40
7239, 37
7263, 40
7315, 38
7366, 36
7589, 37
7620, 40
7642, 36
7675, 37
7724, 40
7814, 39
7831, 40
7876, 36
7907, 36
8085, 39
8380, 38
8444, 40
8648, 37
8640, 38
8714, 36
8729, 37
8770, 36
8863, 37
8892, 40
9018, 38
9121, 40
9251, 38
9495, 37
9777, 40
9793, 38
9824, 39
9844, 37
9897, 40
9943, 37
9964, 40
9962, 36
10214, 39
10261, 37
10268, 39
10398, 37
10728, 40
10820, 39
10819, 37
10823, 36
11023, 40
11149, 39
11279, 39
11393, 38
11522, 40
11540, 40
11606, 38
11602, 37
11614, 39
11656, 39
11705, 39
11712, 40
11816, 40
11872, 37
11933, 36
12049, 38
12289, 36
12440, 38
12622, 39
12930, 40
13022, 36
13020, 39
13079, 40
13155, 37
13138, 39
13283, 40
13385, 37
13412, 38
13388, 40
13452, 36
13522, 39
13680, 36
13690, 37
13782, 40
13848, 38
13905, 37
14055, 37
14013, 39
14178, 40
14446, 37
14479, 38
14529, 38
14535, 39
14531, 36
14567, 38
14596, 38
14752, 37
14794, 36
15113, 38
15126, 36
15155, 39
15245, 38
15308, 39
15321, 37
15416, 36
15434, 37
15505, 37
15590, 38
15623, 37
15630, 36
15725, 37
15869, 37
15975, 36
15991, 37
16015, 36
16038, 37
16061, 36
16126, 36
16233, 38
16406, 40
16418, 37
16440, 36
16497, 38
16651, 39
16704, 39
16716, 37
16753, 40
17176, 37
17275, 39
17292, 37
17356, 40
17792, 37
17795, 38
17850, 37
17906, 37
17961, 36
17979, 39
18020, 38
18061, 38
18065, 40
18101, 38
18131, 37
18198, 39
18247, 38
18293, 37
18367, 39
18444, 36
18491, 39
18501, 36
18623, 37
18628, 36
18768, 38
18819, 40
18830, 37
18861, 40
18875, 38
19068, 36
19058, 39
19141, 36
19127, 40
19373, 37
19746, 39
19774, 39
19828, 36
20023, 37
20060, 37
20049, 38
20127, 37
20219, 37
20234, 36
20285, 38
20298, 36
20335, 38
20560, 38
20580, 37
20702, 38
20769, 40
20840, 36
20908, 38
21092, 38
21165, 36
21217, 40
21318, 40
21327, 39
21386, 37
21501, 39
21598, 38
21710, 36
21694, 37
21720, 39
21730, 36
22078, 37
22146, 39
22223, 37
22254, 39
22352, 39
22510, 40
22675, 38
22714, 38
22730, 37
22974, 36
23132, 36
23154, 39
23316, 38
23450, 37
23503, 36
23673, 36
23680, 39
23676, 40
23859, 36
23942, 36
24042, 37
24045, 40
24239, 40
24271, 40
24340, 39
24341, 40
24403, 37
24546, 39
24587, 36
24859, 38
24962, 36
24968, 39
25004, 37
25139, 40
25168, 38
25386, 36
25393, 40
25433, 40
25433, 38
25544, 39
25682, 36
25780, 39
25981, 38
26098, 40
26267, 37
26269, 38
26354, 37
26479, 37
26501, 39
26768, 37
26822, 36
27144, 37
27517, 36
27620, 37
27740, 39
27796, 37
27953, 37
27980, 38
27985, 37
28066, 39
28076, 38
28082, 37
28124, 36
28168, 36
28257, 38
28436, 40
28600, 36
28696, 36
28711, 38
28736, 36
28864, 36
29007, 39
29148, 37
29302, 40
29377, 36
29464, 40
29596, 36
29707, 37
29729, 37
29774, 37
30273, 38
30309, 39
30357, 36
30509, 37
30548, 36
30550, 39
30649, 37
30836, 38
30913, 37
31021, 37
31030, 40
31140, 38
31261, 37
31230, 39
31364, 37
31477, 40
31506, 37
31561, 40
31654, 39
31752, 40
31764, 39
31928, 38
32005, 40
32098, 40
32097, 37
32179, 39
32194, 37
32256, 40
32283, 40
32300, 36
32340, 37
32416, 39
32511, 37
32574, 38
32734, 39
32748, 36
32811, 38
32842, 39
32861, 38
32899, 38
32927, 40
32952, 37
33246, 37
33281, 37
33404, 36
33414, 40
33642, 39
33640, 40
33836, 37
33869, 37
33944, 39
34102, 36
34142, 39
34162, 38
34194, 40
34370, 37
34415, 40
34499, 36
34571, 37
34633, 38
34722, 39
34783, 40
34921, 39
35109, 37
35172, 37
35195, 38
35201, 39
35229, 40
35586, 36
35660, 37
35695, 40
35786, 36
35846, 40
35860, 36
35828, 39
35889, 37
35955, 38
36019, 37
36045, 40
36168, 40
36185, 37
36431, 36
36495, 38
36714, 39
36843, 39
37037, 39
37087, 40
37162, 39
37170, 36
37325, 37
37404, 38
37565, 37
37599, 36
37712, 39
37735, 38
37858, 39
37940, 40
38055, 38
38285, 39
38339, 37
38371, 36
38398, 39
38486, 39
38518, 38
38514, 39
38540, 36
38587, 38
38735, 40
38820, 36
38847, 39
38921, 36
39041, 36
39038, 40
39098, 38
39141, 39
39284, 40
39327, 37
39411, 37
39493, 36
39497, 40
39538, 38
39610, 36
39720, 37
39764, 38
39858, 38
39977, 38
40021, 37
40172, 39
40217, 38
40269, 39
40338, 36
40369, 39
40417, 40
40497, 36
40551, 38
40615, 37
40722, 37
40769, 39
40796, 36
40952, 38
41053, 36
41193, 38
41299, 38
41329, 36
41521, 39
41568, 38
41675, 40
41874, 37
41875, 40
41940, 39
42002, 38
42090, 36
42111, 39
42301, 36
42233, 38
42331, 40
42355, 36
42457, 38
42520, 36
42632, 37
42739, 36
42835, 36
42839, 37
42875, 37
42894, 39
42933, 39
42947, 36
43007, 40
43029, 39
43057, 38
43074, 39
43272, 40
43296, 36
43578, 39
43709, 38
43706, 39
43758, 37
43771, 36
44014, 36
44059, 39
44142, 36
44137, 37
44196, 36
44242, 38
44372, 38
44370, 40
44400, 37
44437, 37
44445, 39
44494, 37
44507, 39
44524, 37
44633, 37
44747, 36
44809, 38
44990, 37
45060, 38
45100, 38
45248, 37
45256, 36
45304, 40
45317, 39
45359, 39
45427, 36
45491, 37
45550, 38
45597, 36
45624, 36
45670, 39
45852, 39
45876, 37
46015, 36
46032, 39
46131, 38
46199, 39
46226, 39
46252, 38
46300, 38
46320, 36
46350, 39
46490, 39
46586, 37
46589, 38
46680, 40
46874, 39
46941, 36
47030, 36
47043, 39
47156, 36
47393, 36
47549, 37
47551, 39
47676, 39
47718, 40
47794, 37
47842, 36
47986, 39
48061, 40
48125, 37
48214, 39
48342, 40
48387, 37
48389, 40
48418, 36
48487, 40
48500, 37
48587, 40
48782, 36
48814, 36
48850, 38
48952, 36
48963, 37
49079, 40
49160, 36
49210, 38
49255, 38
49396, 37
49401, 38
49421, 36
49520, 39
49665, 40
49669, 37
49714, 37
49803, 40
49810, 37
49830, 40
49872, 38
49943, 40
50100, 36
50175, 36
50249, 40
50400, 37
50418, 36
50579, 39
50582, 40
50610, 39
50703, 40
50801, 37
50904, 40
50931, 38
50941, 36
51102, 40
51171, 36
51239, 38
51281, 36
51312, 40
51421, 38
51449, 38
51523, 36
51618, 40
51684, 39
51691, 36
51754, 37
51805, 37
51841, 37
51897, 40
51989, 38
52001, 39
52084, 36
52182, 40
52307, 40
52349, 39
52401, 39
52482, 40
52500, 39
52553, 37
52666, 40
52701, 39
52831, 36
52841, 37
52934, 39
52944, 38
53082, 40
53193, 39
53207, 38
53307, 38
53290, 40
53425, 39
53474, 36
53568, 38
53569, 40
53563, 39
53627, 37
53639, 36
53665, 38
53687, 39
53795, 39
54015, 36
54010, 39
54033, 37
54103, 36
54200, 36
54338, 36
54498, 40
54551, 39
54558, 38
54586, 37
54695, 38
54744, 37
54835, 37
54866, 40
54897, 39
54971, 38
55008, 39
55015, 36
55060, 38
55065, 36
55178, 40
55252, 39
55302, 40
55371, 38
55419, 37
55450, 38
55535, 37
55584, 39
55635, 40
55626, 39
55640, 37
55668, 40
55675, 39
55686, 36
55780, 39
55878, 38
55905, 38
56035, 40
56077, 37
56149, 36
56203, 37
56259, 38
56282, 36
56392, 39
56393, 40
56517, 39
56739, 38
56801, 36
56854, 39
56890, 36
56931, 38
56987, 36
57313, 38
57345, 38
57397, 37
57412, 39
57445, 36
57450, 38
57626, 40
57709, 38
57745, 38
57849, 38
58016, 36
58151, 36
58154, 39
58174, 38
58266, 38
58374, 36
58394, 39
58422, 39
58496, 36
58584, 39
58615, 37
58661, 38
58728, 40
58780, 39
58779, 38
58802, 37
58881, 38
59080, 39
59082, 38
59127, 36
59172, 40
59197, 38
59206, 36
59413, 37
59471, 36
59517, 39
59603, 36
59848, 39
59969, 38
59974, 37
60356, 40
60426, 38
60466, 37
60532, 40
60550, 37
60619, 36
60655, 37
60732, 40
60810, 38
60995, 40
61217, 37
61256, 37
61272, 39
61309, 36
61378, 39
61482, 36
61541, 38
61621, 40
61678, 40
61689, 39
61872, 36
62057, 36
62106, 38
62160, 40
62257, 36
62288, 38
62415, 37
62548, 37
62608, 36
62604, 37
62885, 37
62967, 40
63021, 38
63040, 38
63042, 37
63112, 39
63191, 38
63249, 40
63287, 38
63476, 36
63473, 40
63654, 38
63663, 40
63762, 40
63805, 40
63882, 38
63903, 38
63948, 36
63980, 36
64018, 36
64108, 38
64157, 40
64224, 37
64313, 39
64339, 39
64411, 36
64419, 40
64568, 40
64639, 39
64674, 38
64725, 39
64793, 38
64802, 36
64837, 39
64891, 36
65068, 40
65165, 36
65167, 39
65266, 36
65309, 37
65427, 38
65441, 39
65508, 38
65535, 38
65586, 37
65624, 40
65653, 40
65728, 38
65761, 40
65852, 38
65888, 36
65902, 39
65920, 36
66028, 38
66112, 39
66119, 40
66184, 37
66278, 39
66389, 40
66505, 36
66587, 40
66591, 36
66618, 40
66761, 39
66805, 40
66943, 38
67035, 39
67051, 38
67104, 38
67179, 36
67211, 36
67239, 37
67286, 40
67296, 37
67417, 36
67493, 40
67700, 38
67739, 40
67790, 38
67804, 39
67878, 38
67922, 38
67930, 40
68028, 36
68100, 36
68193, 37
68268, 40
68468, 40
68547, 38
68592, 39
68717, 40
68796, 39
68833, 36
68913, 38
69067, 36
69265, 37
69365, 40
69432, 37
69506, 36
69497, 37
69538, 36
69664, 36
69664, 39
69686, 38
69865, 36
69962, 39
70042, 37
70077, 39
70123, 37
70216, 40
70325, 36
70371, 37
70495, 36
70574, 39
70583, 38
70628, 38
70680, 39
70708, 37
70707, 40
70717, 39
70785, 37
71066, 39
71275, 39
71300, 36
71437, 39
71523, 36
71635, 36
71707, 37
71810, 38
71817, 36
71953, 37
72041, 37
72192, 37
72209, 37
72235, 39
72255, 39
72397, 39
72404, 40
72461, 40
72488, 37
72645, 39
72738, 40
72843, 36
72929, 36
72925, 40
73169, 39
73194, 40
73245, 39
73304, 37
73352, 39
73355, 38
73384, 37
73387, 36
73435, 39
73466, 39
73522, 38
73578, 37
73613, 39
74043, 37
74160, 39
74172, 40
74191, 36
74216, 36
74339, 39
74364, 37
74427, 39
74671, 37
74842, 39
74868, 40
74881, 37
74909, 40
74927, 37
74940, 38
74965, 37
74968, 38
75272, 36
75312, 37
75760, 40
75804, 38
75855, 40
75976, 38
76113, 38
76192, 40
76211, 36
76274, 37
76264, 39
76354, 36
76392, 36
76554, 38
76557, 36
76598, 40
76588, 36
76622, 39
76653, 37
76772, 36
76789, 36
76852, 36
76871, 37
76930, 38
76958, 36
77124, 37
77328, 40
77486, 40
77602, 39
77632, 37
77642, 39
77653, 36
77667, 37
77677, 40
77724, 40
77778, 40
77787, 39
77798, 37
78003, 38
77999, 39
78138, 40
78164, 37
78213, 38
78253, 38
78492, 39
78877, 37
78950, 40
79225, 37
79247, 40
79272, 36
79425, 38
79626, 39
79751, 40
79766, 36
79794, 36
79934, 39
80171, 38
80176, 39
80243, 36
80317, 40
80420, 36
80533, 37
80666, 39
80739, 36
80836, 39
80862, 37
80938, 39
80988, 40
81148, 40
81185, 40
81196, 38
81272, 37
81329, 39
81339, 36
81397, 37
81444, 36
81471, 39
81551, 38
81575, 39
81712, 37
82005, 37
82021, 38
82055, 36
82113, 40
82133, 38
82174, 36
82207, 37
82287, 36
82340, 38
82578, 36
82581, 37
82804, 38
82842, 36
82847, 38
83007, 39
83059, 40
83120, 36
83327, 37
83456, 40
83529, 37
83662, 39
83711, 38
83739, 38
83775, 39
83939, 36
83960, 40
84066, 40
84122, 36
84159, 36
84306, 38
84412, 39
84546, 36
84577, 37
84635, 40
84739, 40
84771, 37
84795, 37
84973, 38
85098, 37
85286, 39
85389, 36
85465, 37
85460, 40
85555, 36
85712, 37
85737, 39
85767, 36
85773, 40
85930, 37
86158, 37
86276, 36
86287, 37
86305, 36
86488, 36
86501, 38
86499, 39
86508, 37
86541, 36
86557, 38
86636, 37
86679, 38
86752, 39
86902, 40
86969, 37
87019, 36
87063, 38
87125, 39
87156, 38
87173, 40
87248, 38
87326, 37
87378, 40
87429, 36
87493, 40
87698, 36
87922, 37
87952, 37
88071, 38
88224, 37
88269, 37
88320, 38
88433, 37
88516, 40
88525, 36
88697, 36
88698, 40
88758, 37
88755, 39
88840, 40
88944, 36
89145, 37
89219, 38
89267, 37
89386, 38
89544, 36
89651, 39
89661, 36
89694, 38
89763, 36
89788, 40
89849, 37
89891, 40
89995, 39
90032, 39
90238, 36
90344, 38
90600, 36
90641, 40
90694, 38
90697, 36
90820, 39
90878, 40
90929, 37
90956, 38
91089, 39
91119, 39
91183, 37
91280, 37
91302, 38
91633, 40
91684, 38
91673, 37
91698, 36
91844, 37
91840, 39
91875, 36
91910, 38
91937, 40
91958, 38
91998, 38
92050, 38
92314, 37
92319, 36
92356, 40
92399, 39
92449, 39
92616, 38
92800, 36
92954, 36
93091, 37
93157, 39
93306, 39
93345, 36
93367, 37
93461, 37
93612, 38
93624, 36
93777, 40
93729, 39
93972, 39
94023, 40
94061, 39
94070, 37
94129, 37
94149, 37
94112, 38
94211, 37
94304, 36
94455, 37
94543, 38
94555, 37
94569, 39
94904, 39
94981, 38
94973, 40
95025, 39
95069, 39
95127, 38
95147, 39
95194, 38
95266, 37
95284, 40
95336, 40
95351, 36
95386, 38
95460, 36
95521, 37
95648, 39
95753, 40
95774, 39
95804, 36
95949, 38
96078, 40
96081, 39
96121, 38
96144, 38
96198, 37
96220, 39
96377, 40
96401, 37
96581, 38
96591, 40
96829, 36
96834, 40
96853, 37
96956, 36
96993, 38
97046, 36
97092, 38
97216, 36
97223, 38
97270, 37
97405, 36
97545, 37
97571, 40
97613, 39
97724, 38
97734, 37
97802, 36
97843, 36
97859, 37
97894, 38
97964, 37
97982, 36
98011, 37
98067, 38
98118, 37
98250, 36
98254, 38
98352, 40
98435, 36
98433, 39
98468, 37
98609, 38
98657, 36
98774, 38
98836, 36
98916, 39
99037, 39
99095, 37
99176, 40
99258, 38
99265, 36
99318, 39
99381, 38
99418, 37
99569, 36
99688, 37
99696, 38
99738, 37
99878, 38
99904, 39
99911, 37
99971, 40
99999, 38
100034, 39
100275, 36
100331, 39
100372, 36
100371, 40
100569, 40
100645, 38
100670, 40
100760, 36
100847, 39
100921, 38
101025, 40
101035, 39
101074, 36
101114, 36
101142, 39
101384, 36
101521, 37
101581, 38
101934, 38
102054, 36
102067, 38
102133, 37
102209, 39
102236, 40
102318, 38
102373, 39
102588, 37
102616, 39
102779, 38
102792, 37
102972, 37
102987, 38
103002, 37
103121, 39
103176, 39
103176, 40
103367, 38
103578, 37
103605, 40
103676, 36
103701, 39
103812, 37
103815, 40
103958, 40
104030, 39
104039, 37
104181, 37
104623, 36
104645, 40
104702, 36
104782, 36
104956, 36
104958, 40
104973, 39
105266, 36
105305, 37
105481, 40
105557, 36
105658, 36
105677, 40
105786, 36
105855, 40
105887, 38
105982, 37
106115, 39
106216, 37
106227, 38
106272, 39
106385, 40
106413, 40
106660, 36
106691, 39
106698, 36
106701, 37
106876, 39
106885, 40
106935, 38
106949, 36
106963, 37
106985, 40
107095, 37
107291, 36
107332, 38
107428, 38
107465, 37
107476, 38
107683, 39
107902, 36
107930, 40
108043, 38
108256, 36
108541, 38
108591, 36
108625, 37
108658, 38
108674, 39
108897, 37
109201, 36
109285, 38
109309, 39
109356, 36
109369, 38
109461, 37
109661, 36
109687, 39
109715, 39
109972, 39
110003, 40
110009, 38
110030, 40
110082, 36
110514, 40
110557, 38
110666, 39
110689, 37
110694, 36
110706, 38
110812, 38
110927, 37
110968, 37
111074, 37
111162, 36
111254, 36
111340, 37
111355, 36
111406, 38
111556, 36
111619, 37
111610, 40
111861, 39
111869, 40
111927, 37
111936, 36
112220, 38
112242, 40
112297, 39
112337, 39
112356, 37
112406, 38
112463, 39
112509, 40
112605, 38
112667, 39
112707, 38
112757, 36
112968, 39
113086, 37
113113, 36
113211, 40
113270, 39
113290, 38
113414, 39
113430, 36
113585, 39
113807, 40
113939, 37
114203, 37
114401, 40
114436, 39
114562, 40
114769, 36
114914, 40
114959, 37
115079, 36
115075, 39
115165, 40
115183, 37
115357, 39
115490, 36
115553, 37
115576, 40
115811, 39
115814, 36
115856, 38
115897, 37
115976, 36
116127, 39
116134, 40
116227, 39
116271, 38
116296, 37
116307, 36
116524, 36
116663, 37
116661, 39
116702, 38
116712, 36
116723, 38
116830, 39
116859, 39
116910, 39
116940, 38
117038, 39
117120, 40
117158, 39
117191, 40
117189, 36
117242, 37
117336, 38
117356, 40
117381, 40
117423, 37
117489, 40
117575, 38
117631, 39
117715, 38
117709, 40
117830, 38
117858, 38
117929, 40
117957, 39
118061, 39
118112, 38
118246, 36
118410, 37
118581, 37
118664, 37
118827, 38
118857, 36
118880, 39
118915, 38
119136, 39
119223, 38
119428, 36
119532, 36
119562, 39
119566, 37
119690, 39
119733, 37
119766, 40
119868, 38
119906, 36
119947, 40
120007, 39
120044, 37
120174, 36
120170, 37
120208, 36
120318, 40
120696, 39
120738, 37
120774, 38
120929, 38
121099, 36
121142, 38
121161, 39
121175, 38
121273, 38
121402, 39
121428, 36
121526, 37
121540, 39
121794, 37
122006, 40
122048, 39
122309, 36
122442, 36
122559, 38
122634, 36
122756, 36
122777, 40
122805, 40
122852, 39
123021, 38
123103, 38
123142, 39
123134, 38
123241, 36
123265, 37
123300, 39
123502, 40
123525, 39
123585, 36
123598, 38
123658, 37
123930, 40
124022, 39
124059, 36
124275, 40
124285, 39
124319, 37
124450, 40
124468, 38
124474, 36
124482, 37
124812, 40
124829, 36
124921, 40
124966, 39
125226, 37
125711, 38
125739, 38
125762, 39
125771, 36
125899, 37
125925, 39
125944, 39
126020, 37
126072, 38
126131, 38
126227, 38
126249, 40
126289, 37
126318, 37
126425, 36
126463, 40
126637, 37
126833, 36
127027, 38
127053, 38
127107, 37
127206, 36
127265, 39
127331, 37
127359, 36
127491, 36
127569, 36
127675, 37
128090, 40
128124, 38
128144, 37
128211, 36
128274, 38
128423, 37
128455, 36
128488, 36
128534, 38
128574, 37
128638, 40
128768, 38
128893, 39
128921, 40
128986, 39
129010, 40
129238, 39
129238, 37
129293, 36
129364, 37
129503, 40
129527, 39
129602, 38
129652, 36
129659, 37
129754, 36
129833, 36
129929, 36
129931, 39
130010, 36
130185, 38
130210, 37
130404, 36
130415, 39
130602, 39
130724, 40
130729, 37
130811, 37
130969, 36
130984, 40
131025, 38
131081, 40
131155, 40
131176, 39
131353, 39
131369, 36
131465, 38
131556, 37
131568, 36
131590, 40
131619, 36
131663, 37
131795, 36
131828, 38
131925, 40
131945, 36
132031, 40
132203, 37
132301, 37
132308, 39
132467, 38
132495, 39
132562, 36
132564, 40
132610, 39
132661, 38
132700, 36
132851, 38
132868, 37
133030, 40
133080, 39
133326, 37
133371, 37
133429, 39
133433, 40
133453, 38
133459, 39
133552, 37
133599, 37
133751, 38
133864, 38
133931, 40
133972, 37
134004, 38
134050, 40
134123, 37
134215, 36
134233, 38
134271, 38
134325, 38
134459, 37
134483, 40
134612, 40
134709, 38
134713, 39
134837, 38
134848, 37
134973, 37
135059, 36
135097, 39
135114, 40
135209, 40
135306, 38
135434, 38
135482, 39
135551, 40
135572, 36
135569, 39
135756, 36
135791, 38
135854, 39
135892, 36
136013, 36
136064, 38
136099, 36
136291, 36
136328, 39
136347, 40
136481, 38
136589, 37
136688, 40
136710, 37
136918, 40
137027, 36
137215, 39
137241, 37
137338, 39
137642, 40
137846, 36
137927, 40
138048, 39
138245, 38
138256, 37
138276, 39
138340, 40
138451, 38
138507, 37
138511, 40
138755, 38
138815, 36
138852, 38
138889, 38
138979, 38
139108, 36
139169, 39
139358, 37
139519, 36
139604, 37
139615, 40
139755, 38
139752, 39
139869, 38
139908, 39
139905, 36
139976, 38
140025, 39
140055, 37
140072, 39
140252, 38
140308, 39
140328, 38
140416, 39
140516, 40
140520, 39
140652, 36
140663, 40
140778, 39
140799, 37
140808, 38
141082, 38
141123, 38
141170, 40
141200, 37
141211, 39
141238, 36
141376, 36
141401, 36
141523, 39
141695, 38
141707, 36
141734, 40
141865, 37
141903, 40
141906, 37
141945, 39
142262, 36
142285, 36
142462, 37
142658, 39
142752, 38
142789, 39
142872, 36
143005, 37
143203, 39
143271, 36
143269, 38
143281, 40
143504, 40
143595, 37
143640, 36
143657, 39
143694, 37
143781, 38
143792, 40
143811, 37
143855, 38
143952, 38
144006, 39
144028, 38
144146, 36
144382, 38
144437, 40
144484, 36
144662, 36
144880, 40
144902, 40
145096, 37
145349, 36
145400, 39
145420, 40
145441, 37
145621, 40
145660, 38
145654, 40
145693, 38
145749, 37
145855, 37
145881, 40
145943, 37
145956, 36
145991, 36
146005, 38
146036, 39
146135, 40
146195, 39
146204, 38
146402, 37
146462, 38
146522, 39
146614, 37
146628, 40
146714, 36
147106, 40
147115, 39
147138, 37
147168, 39
147241, 38
147345, 40
147612, 40
147690, 37
147819, 38
147820, 40
147853, 38
148082, 38
148113, 38
148227, 38
148397, 38
148522, 39
148586, 40
148700, 39
148781, 37
148947, 37
148980, 36
149143, 39
149173, 38
149200, 36
149226, 40
149297, 38
149494, 38
149525, 36
149530, 38
149578, 38
149676, 37
149703, 40
149744, 40
149825, 40
149864, 37
149939, 38
150033, 38
150048, 36
150081, 38
150095, 36
150195, 37
150337, 38
150544, 40
150594, 39
150650, 40
150659, 37
150711, 36
150740, 40
150817, 39
150897, 39
150954, 40
150975, 36
151037, 38
151341, 39
151424, 37
151577, 40
151606, 38
151693, 38
151731, 36
151829, 38
151873, 40
151895, 36
151954, 38
151955, 37
152052, 39
152078, 36
152108, 39
152113, 40
152226, 36
152260, 37
152290, 39
152432, 39
152518, 37
152527, 40
152552, 37
152641, 40
152656, 36
115, 38
131, 38
138, 38
149, 38
331, 38
342, 38
434, 38
568, 38
575, 38
603, 38
897, 38
958, 38
1000, 38
1058, 38
1086, 38
1186, 38
1329, 38
1462, 38
1485, 38
1600, 38
1650, 38
1742, 38
1749, 38
1799, 38
1840, 38
1851, 38
1862, 38
2131, 38
2154, 38
2200, 38
2317, 38
2492, 38
2695, 38
2787, 38
2849, 38
2914, 38
3230, 38
3260, 38
3387, 38
3552, 38
3682, 38
3809, 38
3855, 38
3973, 38
4049, 38
4083, 38
4198, 38
4231, 37
4414, 37
4523, 38
4608, 38
4611, 37
4652, 37
4724, 38
4762, 37
4925, 37
4928, 38
5125, 37
5338, 38
5619, 37
5758, 37
5775, 38
5815, 38
5826, 38
5920, 37
5947, 38
5973, 37
5998, 38
6059, 38
6075, 37
6169, 38
6208, 38
6396, 37
6414, 38
6456, 38
6645, 37
6911, 38
6986, 37
7145, 38
7194, 38
7353, 38
7473, 38
7618, 37
7636, 38
7978, 38
8031, 37
8069, 38
8107, 38
8127, 37
8187, 40
8214, 40
8240, 37
8262, 37
8367, 37
8383, 38
8436, 40
8503, 38
8690, 40
8703, 37
8822, 37
9013, 40
9130, 37
9165, 37
9217, 37
9241, 40
9260, 37
9286, 37
9356, 37
9361, 40
9482, 37
9594, 38
9743, 38
9888, 38
9981, 37
10008, 37
10105, 40
10139, 38
10167, 38
10247, 38
10269, 38
10783, 40
10919, 38
10942, 38
11061, 40
11156, 40
11253, 40
11324, 40
11373, 40
11445, 38
11668, 40
11661, 37
11798, 40
11915, 38
11935, 37
12057, 38
12143, 37
12248, 37
12339, 38
12391, 38
12536, 37
12594, 38
12625, 40
12640, 37
12720, 40
12915, 38
12971, 37
13057, 37
13115, 38
13134, 40
13164, 40
13294, 38
13323, 37
13457, 40
13467, 38
13537, 38
13551, 40
13611, 37
13735, 40
13837, 40
13950, 37
13952, 40
13980, 37
14070, 38
14160, 40
14160, 38
14190, 37
14259, 37
14403, 38
14486, 38
14696, 40
14751, 40
14761, 37
14774, 40
15019, 40
15049, 40
15076, 37
15164, 37
15299, 37
15416, 37
15632, 40
15661, 38
15715, 38
15772, 37
15795, 37
15819, 38
15942, 37
16056, 37
16059, 38
16339, 38
16434, 37
16640, 40
16760, 40
16774, 38
16824, 40
16864, 38
17056, 37
17122, 40
17201, 40
17269, 40
17324, 38
17440, 38
17648, 40
17778, 40
17782, 37
17944, 40
18001, 40
18018, 37
18067, 40
18085, 40
18248, 38
18358, 38
18410, 40
18424, 40
18491, 38
18552, 40
18705, 38
18762, 37
18829, 37
18851, 37
18906, 38
18960, 38
19071, 37
19166, 37
19235, 40
19404, 38
19539, 37
19550, 38
19777, 37
19838, 38
20022, 37
20051, 37
20062, 38
20078, 37
20317, 37
20351, 40
20538, 38
20688, 40
20692, 38
20836, 38
20933, 38
21054, 40
21111, 37
21274, 38
21449, 38
21605, 38
21783, 40
21950, 38
22155, 40
22168, 40
22237, 40
22512, 38
22586, 38
22635, 38
22733, 37
22744, 40
22769, 38
22911, 38
22943, 40
22968, 38
22990, 37
23028, 40
23034, 38
23044, 40
23237, 40
23252, 38
23368, 40
23393, 37
23385, 40
23481, 38
23524, 37
23544, 40
23648, 37
23687, 38
23828, 40
23825, 38
23852, 40
23908, 38
23913, 37
24026, 38
24045, 38
24091, 38
24232, 40
24245, 37
24327, 37
24371, 40
24455, 37
24509, 38
24529, 37
24533, 40
24662, 37
24743, 40
24776, 40
24844, 40
24990, 40
25306, 38
25471, 37
25522, 40
25904, 40
25971, 40
25996, 37
26136, 40
26226, 40
26387, 38
26400, 38
26545, 37
26623, 37
26780, 38
26889, 38
27105, 37
27134, 38
27271, 38
27366, 38
27479, 37
27599, 38
27620, 37
27619, 40
28003, 38
28053, 37
28268, 38
28288, 37
28665, 40
28793, 40
28827, 38
28954, 37
28974, 37
29112, 38
29211, 38
29477, 38
29479, 40
29506, 40
29538, 40
29679, 37
29725, 40
29734, 37
29844, 37
30003, 38
30208, 40
30306, 37
30367, 40
30376, 37
30458, 40
30565, 38
30599, 37
30637, 40
30669, 38
30873, 40
30894, 38
31023, 38
31020, 40
31281, 40
31296, 37
31465, 37
31599, 38
31947, 38
32154, 38
32166, 40
32176, 38
32182, 37
32593, 40
32587, 38
32752, 38
32902, 38
33178, 37
33253, 40
33256, 37
33477, 38
33509, 38
33621, 37
33632, 38
33661, 37
33742, 38
33780, 37
33790, 40
33851, 38
33875, 37
34025, 38
34101, 38
34331, 37
34374, 38
34462, 37
34502, 40
34631, 38
34646, 38
34766, 37
34757, 40
34817, 37
34967, 38
35029, 40
35053, 37
35086, 37
35211, 37
35345, 40
35436, 37
35877, 38
35904, 40
35943, 38
36060, 40
36077, 37
36218, 38
36366, 40
36506, 40
36687, 40
36750, 37
36750, 40
36839, 38
36914, 37
36937, 40
37060, 40
37062, 38
37160, 37
37181, 40
37327, 38
37353, 40
37618, 37
37686, 38
37924, 40
38010, 37
38042, 38
38149, 40
38165, 37
38184, 40
38317, 37
38404, 37
38445, 40
38634, 37
38753, 37
38844, 38
38844, 40
38926, 38
39211, 37
39265, 38
39342, 40
39449, 38
39533, 40
39609, 37
39765, 38
40058, 38
40079, 38
40323, 37
40389, 40
40421, 38
40480, 40
40558, 38
40934, 40
41163, 38
41215, 38
41238, 38
41248, 37
41261, 40
41372, 38
41402, 38
41431, 37
41440, 38
41546, 40
41565, 40
41787, 40
41820, 40
42039, 38
42052, 37
42350, 38
42364, 40
42415, 38
42459, 37
42472, 37
42555, 37
42708, 37
42793, 40
42866, 40
42892, 38
43030, 40
43091, 37
43155, 37
43230, 37
43502, 38
43533, 40
43652, 37
43702, 40
43963, 38
44087, 40
44112, 38
44172, 38
44186, 40
44359, 38
44370, 38
44431, 38
44433, 40
44460, 37
44480, 37
44691, 40
44864, 40
44975, 38
45003, 38
45105, 40
45150, 37
45175, 37
45214, 40
45235, 38
45474, 37
45576, 40
45729, 40
45861, 40
45960, 38
45982, 38
46071, 40
46227, 40
46255, 37
46326, 38
46466, 40
46482, 40
46623, 40
46628, 38
46684, 38
46740, 38
46749, 37
46764, 38
46770, 40
46812, 40
47020, 37
47172, 38
47221, 37
47309, 38
47494, 40
47663, 40
47777, 38
47908, 37
47923, 37
47935, 38
47935, 40
48053, 37
48139, 37
48174, 40
48211, 40
48315, 40
48335, 40
48557, 40
48581, 38
48611, 40
48688, 40
48783, 40
48857, 38
48892, 40
48992, 38
49025, 40
49348, 38
49408, 38
49423, 40
49609, 37
49737, 38
49734, 40
49766, 37
49804, 40
49995, 37
50159, 38
50186, 38
50256, 37
50293, 38
50372, 38
50476, 40
50576, 37
50591, 38
50588, 40
50805, 38
50901, 38
50912, 37
51156, 37
51203, 40
51321, 40
51328, 37
51461, 40
51481, 37
51768, 40
51911, 37
51987, 40
52056, 38
52069, 38
52088, 37
52193, 40
52291, 37
52343, 40
52413, 38
52465, 37
52620, 40
52702, 37
52774, 38
52812, 37
52925, 38
53050, 40
53240, 38
53245, 40
53303, 40
53526, 38
53586, 38
53683, 40
53750, 38
53751, 40
54121, 40
54124, 37
54184, 38
54202, 37
54209, 38
54241, 38
54335, 37
54365, 40
54428, 40
54467, 38
54580, 37
54733, 37
54821, 40
54850, 40
54855, 37
55115, 38
55310, 37
55331, 37
55336, 40
55424, 37
55704, 38
55723, 37
55988, 40
56229, 38
56233, 37
56238, 38
56241, 40
56333, 37
56467, 38
56518, 37
56742, 37
56851, 37
56845, 40
56967, 37
56989, 38
57007, 38
57065, 37
57173, 37
57234, 38
57242, 37
57335, 40
57506, 37
57696, 38
57717, 38
57738, 37
57737, 38
57782, 37
57958, 37
58061, 38
58102, 37
58181, 37
58214, 37
58227, 40
58268, 37
58301, 38
58446, 40
58450, 38
58469, 37
58486, 37
58540, 38
58617, 40
58675, 40
58878, 37
58944, 40
59058, 37
59086, 37
59147, 38
59156, 37
59160, 38
59184, 37
59297, 40
59350, 37
59417, 40
59470, 38
59483, 38
59510, 38
59526, 38
59690, 38
59863, 38
59874, 38
59907, 40
59983, 38
60157, 40
60176, 37
60689, 40
60779, 37
60825, 40
60942, 40
61047, 40
61104, 38
61127, 37
61130, 38
61126, 40
61219, 40
61224, 37
61290, 40
61312, 37
61485, 37
61603, 38
61723, 40
61740, 40
62047, 38
62114, 40
62201, 37
62227, 40
62338, 40
62350, 37
62420, 37
62527, 37
62571, 38
62643, 40
62728, 38
62825, 38
62907, 37
62985, 37
63022, 37
63246, 37
63411, 38
63507, 40
63542, 40
63774, 37
63881, 37
63893, 38
63949, 40
63982, 37
64191, 37
64224, 38
64292, 37
64422, 37
64553, 40
64791, 40
64968, 37
64982, 38
65075, 38
65089, 38
65152, 38
65281, 40
65388, 37
65460, 40
65602, 37
65678, 37
65834, 40
65947, 38
65984, 40
66113, 37
66191, 40
66305, 38
66372, 37
66443, 37
66566, 37
66574, 38
66685, 37
66689, 38
66725, 37
66873, 40
67219, 37
67327, 40
67508, 37
67658, 38
67833, 37
68102, 40
68128, 38
68245, 38
68349, 38
68372, 40
68465, 40
68473, 38
68561, 40
68587, 40
68635, 38
68680, 40
68799, 37
68869, 38
69202, 40
69347, 38
69424, 40
69521, 37
69545, 37
69614, 37
69640, 40
69715, 38
69768, 37
69784, 37
69856, 40
70090, 38
70169, 37
70356, 37
70489, 37
70566, 38
70833, 37
70910, 40
70932, 40
70977, 37
70995, 40
71193, 37
71265, 38
71292, 37
71486, 37
71825, 37
71894, 37
72063, 40
72151, 37
72183, 37
72220, 38
72250, 37
72447, 37
72524, 37
72657, 40
72875, 37
73097, 40
73155, 37
73196, 38
73317, 38
73361, 38
73452, 40
73462, 37
73471, 40
73500, 40
73557, 38
73562, 40
73615, 40
73785, 37
73856, 38
73896, 37
73925, 38
73928, 37
73989, 38
74139, 38
74198, 40
74283, 37
74350, 37
74357, 38
74389, 37
74412, 38
74552, 37
74558, 38
74624, 38
74892, 37
74921, 40
74956, 40
75183, 38
75393, 37
75391, 40
75461, 37
75550, 38
75590, 37
75609, 38
75679, 37
75723, 40
75807, 40
76031, 40
76163, 37
76346, 37
76413, 37
76522, 37
76548, 40
76610, 38
76763, 38
76808, 40
76831, 38
77037, 40
77076, 38
77132, 37
77190, 38
77287, 37
77292, 38
77328, 38
77395, 38
77427, 37
77444, 38
77651, 40
77716, 37
77720, 40
77783, 37
77864, 37
77895, 38
77938, 37
78002, 37
78089, 40
78121, 38
78133, 40
78148, 40
78198, 40
78439, 38
78561, 38
78793, 38
79148, 38
79276, 37
79304, 40
79446, 38
79532, 40
79556, 40
79581, 37
79594, 38
79661, 38
79816, 37
79951, 38
80012, 38
80281, 38
80362, 37
80414, 40
80469, 40
80503, 37
80769, 40
80835, 37
80887, 40
80896, 38
80979, 37
81077, 38
81136, 38
81212, 37
81268, 37
81267, 40
81303, 38
81296, 40
81661, 38
81706, 37
81828, 38
81890, 38
81991, 40
82010, 40
82062, 37
82096, 40
82199, 37
82236, 38
82532, 37
82695, 37
82732, 40
82830, 37
82901, 40
83018, 40
83186, 37
83299, 37
83325, 37
83402, 40
83430, 38
83452, 38
83460, 40
83486, 38
83490, 40
83532, 38
83568, 40
83628, 40
83650, 40
83696, 38
83890, 40
83916, 37
83956, 38
84019, 38
84026, 37
84109, 37
84134, 40
84214, 40
84468, 37
84532, 38
84544, 38
84609, 40
84669, 37
84752, 38
84914, 38
84940, 37
84943, 40
85039, 38
85187, 37
85232, 38
85322, 38
85336, 40
85337, 38
85405, 40
85517, 37
85585, 38
85613, 40
85843, 40
85854, 37
85973, 38
86047, 38
86269, 40
86375, 38
86400, 37
86541, 38
86614, 37
86658, 38
86659, 40
86911, 40
87120, 40
87150, 38
87405, 40
87595, 37
87691, 40
87755, 40
87790, 40
87811, 37
88088, 37
88114, 40
88341, 38
88524, 38
88577, 37
88609, 38
88870, 38
88920, 37
88932, 40
88973, 38
89092, 38
89104, 40
89110, 38
89133, 38
89166, 40
89213, 37
89232, 40
89508, 40
89512, 38
89595, 40
89624, 37
89672, 40
89793, 38
89885, 37
89976, 38
90199, 38
90356, 38
90535, 40
90655, 37
90705, 37
90772, 40
90835, 38
90851, 40
90866, 40
90990, 37
91025, 40
91050, 40
91344, 40
91479, 37
91533, 37
91557, 40
91632, 40
91646, 38
91657, 37
91771, 38
91887, 38
91966, 38
92143, 37
92153, 38
92236, 37
92377, 38
92397, 37
92526, 40
92645, 38
92688, 40
92758, 40
92828, 40
92857, 37
92850, 40
92888, 40
92966, 40
93003, 38
93229, 38
93295, 38
93298, 40
93311, 37
93337, 37
93368, 38
93398, 37
93447, 38
93468, 37
93521, 37
93523, 40
93866, 37
94111, 38
94198, 40
94226, 37
94414, 38
94457, 38
94507, 40
94545, 40
94579, 37
94636, 37
94658, 40
94684, 38
94984, 37
95083, 38
95120, 37
95243, 37
95323, 40
95369, 38
95378, 37
95458, 37
95650, 40
95727, 37
96030, 38
96095, 37
96236, 38
96243, 40
96292, 38
96331, 40
96366, 38
96397, 40
96421, 38
96436, 40
96533, 37
96587, 40
96647, 40
96733, 38
96780, 40
96875, 40
96897, 37
96932, 40
96976, 38
97000, 40
97002, 38
97375, 37
97398, 37
97423, 37
97585, 37
97635, 37
97939, 37
98078, 40
98129, 37
98150, 40
98245, 37
98448, 38
98548, 37
98567, 38
98731, 37
98773, 37
98940, 37
98942, 40
98958, 37
99025, 37
99060, 40
99077, 40
99087, 37
99326, 40
99342, 38
99365, 38
99446, 40
99451, 37
99466, 40
99538, 38
99565, 40
99623, 38
99729, 37
99876, 38
100172, 38
100322, 37
100558, 37
100610, 40
100888, 40
100967, 40
100999, 40
101176, 40
101193, 38
101348, 37
101463, 37
101508, 38
101532, 40
101539, 40
101780, 40
101957, 40
102034, 40
102212, 37
102230, 37
102459, 37
102451, 38
102525, 38
102545, 38
102555, 37
102624, 38
102631, 40
102651, 37
102690, 37
103038, 37
103098, 38
103225, 37
103269, 38
103345, 37
103359, 40
103394, 38
103466, 37
103600, 40
103762, 40
103885, 40
103889, 37
103953, 38
103959, 37
104006, 38
104038, 37
104128, 40
104666, 40
104869, 37
104989, 40
105065, 37
105152, 37
105286, 38
105332, 37
105401, 37
105424, 38
105482, 37
105642, 38
105756, 40
105818, 37
105869, 37
105951, 38
106222, 37
106262, 40
106294, 40
106359, 40
106422, 37
106499, 37
106525, 40
106550, 40
106717, 37
106755, 38
106831, 40
106852, 37
106902, 40
106978, 37
106988, 38
107128, 40
107153, 37
107235, 37
107292, 38
107314, 40
107349, 37
107403, 37
107533, 37
107782, 37
107917, 37
108053, 37
108208, 38
108245, 38
108255, 37
108293, 37
108509, 38
108513, 40
108614, 38
108625, 37
108692, 40
108691, 38
108877, 37
108879, 38
108918, 38
109042, 38
109259, 40
109421, 40
109481, 40
109504, 38
109512, 40
109533, 38
109609, 37
109840, 38
109903, 38
110043, 37
110245, 37
110305, 38
110327, 37
110328, 38
110474, 38
110574, 37
110663, 38
110665, 40
110724, 38
110743, 38
110788, 37
110993, 38
110993, 40
111056, 38
111328, 37
111366, 38
111401, 37
111495, 40
111498, 37
111550, 37
111599, 38
111608, 40
111799, 40
112031, 40
112034, 38
112155, 40
112326, 37
112465, 38
112484, 37
112518, 40
112768, 40
112961, 38
112982, 37
113007, 40
113022, 40
113199, 38
113214, 37
113211, 38
113225, 37
113308, 40
113482, 38
113492, 37
113625, 37
113692, 40
113726, 37
113948, 37
114554, 37
114765, 38
114780, 40
114809, 37
114894, 38
114922, 37
115051, 37
115231, 37
115306, 37
115355, 38
115646, 40
115691, 37
115729, 38
115845, 37
115912, 37
115931, 40
115990, 37
116115, 37
116201, 38
116454, 40
116478, 40
116498, 38
116619, 38
116844, 37
117163, 38
117272, 37
117423, 38
117719, 38
117910, 38
117957, 40
117973, 38
117985, 40
118054, 38
118070, 38
118156, 38
118181, 40
118197, 37
118202, 40
118328, 37
118384, 38
118388, 40
118479, 37
118624, 38
118646, 40
118788, 37
118963, 40
119021, 37
119048, 38
119085, 40
119079, 38
119125, 37
119152, 37
119228, 38
119253, 38
119292, 37
119588, 38
119610, 38
119696, 37
119716, 40
119770, 40
119839, 40
119898, 38
119909, 37
119926, 38
120018, 37
120161, 40
120208, 40
120247, 38
120386, 37
120397, 40
120462, 40
120618, 37
120717, 38
120930, 38
120979, 40
120994, 38
120997, 37
121127, 40
121187, 37
121417, 37
121474, 37
121507, 40
121528, 37
121529, 40
121567, 38
121788, 38
121855, 38
121868, 40
121938, 37
122058, 40
122216, 40
122239, 37
122411, 40
122544, 37
122699, 37
122785, 38
122802, 37
122895, 40
123015, 37
123091, 40
123208, 37
123402, 40
123404, 38
123501, 40
123811, 40
123856, 38
123983, 40
124095, 40
124117, 38
124138, 37
124295, 37
124311, 37
124369, 37
124468, 38
124500, 37
124528, 38
124567, 37
124627, 37
124643, 40
124646, 37
124687, 38
124689, 40
124716, 40
124832, 38
124874, 37
124971, 38
124977, 37
125062, 37
125139, 38
125211, 37
125244, 38
125243, 40
125332, 37
125539, 37
125635, 38
125779, 37
125941, 37
125955, 40
126079, 40
126171, 38
126196, 37
126300, 40
126419, 38
126572, 38
126662, 38
126774, 40
126888, 37
126932, 38
126983, 40
127217, 40
127301, 37
127300, 40
127372, 37
127403, 38
127479, 37
127515, 37
127597, 37
127659, 37
127679, 40
127950, 37
128152, 40
128230, 40
128257, 37
128289, 37
128362, 38
128493, 40
128519, 37
128559, 40
128740, 37
128783, 40
129144, 37
129405, 37
129576, 40
129626, 37
129716, 37
129737, 37
129931, 40
129935, 38
130081, 37
130167, 38
130214, 37
130249, 37
130375, 38
130432, 40
130509, 38
130534, 38
130657, 38
130833, 38
130929, 40
130977, 38
131010, 38
131070, 38
131125, 40
131132, 38
131157, 37
131181, 37
131425, 40
131590, 37
131665, 40
131858, 40
131934, 38
131975, 40
132149, 40
132232, 37
132256, 37
132386, 38
132629, 37
132812, 40
132828, 40
132912, 38
132997, 40
133068, 40
133194, 38
133353, 38
133578, 37
133632, 37
133659, 38
133681, 38
133794, 37
133895, 37
134017, 38
134176, 40
134250, 40
134272, 38
134359, 37
134554, 37
134550, 38
134716, 40
134770, 37
134885, 37
135069, 40
135295, 37
135316, 37
135392, 40
135424, 40
135686, 40
135785, 40
135898, 40
135935, 37
135975, 38
136050, 38
136155, 40
136231, 37
136426, 37
136546, 40
136555, 38
136638, 38
136707, 37
136772, 37
136811, 38
136866, 38
136938, 37
136940, 38
137090, 40
137141, 37
137175, 38
137274, 37
137395, 37
137629, 37
137695, 38
137705, 37
137828, 37
137852, 37
137946, 37
138110, 37
138194, 40
138268, 40
138488, 37
138502, 38
138582, 40
138609, 38
138661, 40
138679, 38
138903, 37
139013, 40
139039, 38
139054, 40
139104, 38
139132, 40
139158, 37
139335, 40
139397, 40
139505, 40
139568, 37
139633, 40
139824, 40
139892, 40
140002, 40
140060, 37
140083, 40
140101, 40
140136, 38
140185, 40
140258, 37
140327, 38
140722, 37
140739, 40
140842, 38
141024, 38
141070, 37
141158, 38
141240, 40
141386, 37
141387, 40
141451, 40
141548, 38
141685, 38
141716, 40
141768, 38
141801, 40
141897, 37
141960, 40
142021, 40
142092, 38
142142, 40
142256, 37
142266, 38
142342, 37
142350, 38
142395, 40
142449, 40
142612, 40
142667, 38
142671, 40
142850, 37
142849, 40
142943, 40
143009, 38
143173, 37
143177, 38
143322, 37
143420, 38
143440, 37
143521, 37
143594, 37
143612, 38
143729, 40
143744, 38
143799, 37
143830, 37
143861, 37
144017, 40
144101, 40
144181, 40
144199, 40
144293, 37
144298, 40
144299, 38
144385, 37
144555, 38
144593, 40
144632, 38
144665, 38
144751, 37
144833, 40
144908, 40
144938, 38
145012, 40
145089, 37
145216, 37
145286, 40
145447, 40
145463, 37
145473, 38
145497, 38
145577, 40
145771, 37
145837, 37
145869, 38
145995, 40
146007, 38
146243, 37
146256, 38
146391, 40
146412, 40
146545, 40
146610, 37
146674, 37
146706, 38
146762, 38
146782, 40
146869, 37
146892, 40
146928, 37
146942, 40
147010, 37
147069, 38
147133, 40
147174, 37
147191, 40
147217, 40
147292, 37
147377, 40
147486, 37
147756, 38
147777, 37
147836, 38
147921, 40
148049, 38
148331, 40
148417, 37
148564, 40
148677, 37
148699, 38
148778, 38
148809, 38
148927, 38
148945, 40
148993, 37
149139, 40
149201, 40
149493, 38
149658, 38
149726, 38
150012, 37
150177, 40
150217, 40
150288, 40
150314, 40
150328, 38
150571, 38
150649, 40
150854, 38
150918, 40
151080, 38
151305, 40
151400, 40
151652, 40
151703, 40
151724, 37
151748, 37
151761, 38
151831, 38
151851, 38
151861, 37
151878, 37
151906, 37
151960, 37
152039, 38
152321, 40
152417, 37
152551, 37
152553, 38
152681, 37
152688, 38
152712, 37
152720, 38
153138, 40
153248, 40
153234, 37
153389, 38
153817, 37
153947, 40
154005, 38
154077, 38
154097, 38
154193, 37
154245, 38
154307, 37
154316, 38
154334, 40
154339, 38
154419, 38
154799, 40
154997, 40
155083, 40
155348, 37
155452, 40
155730, 40
155789, 37
155932, 40
155970, 38
156108, 38
156142, 37
156164, 38
156369, 37
156666, 38
156839, 38
156983, 38
157099, 37
157272, 38
157356, 37
157477, 38
157573, 37
158113, 40
158259, 38
158286, 37
158491, 37
158572, 37
158608, 40
158613, 38
158605, 37
158806, 37
158913, 37
159277, 38
159447, 40
159484, 38
159505, 37
159506, 40
159645, 40
159673, 37
159689, 37
159746, 37
159915, 38
159919, 40
160103, 38
160134, 38
160315, 37
160340, 40
160409, 38
303, 39
333, 39
389, 39
572, 36
644, 39
685, 36
956, 39
1057, 39
1170, 39
1238, 39
1321, 36
1339, 36
1446, 36
1482, 39
1720, 40
1735, 39
1808, 36
1877, 36
1906, 39
2041, 36
2045, 40
2047, 39
2063, 40
2111, 39
2190, 39
2251, 36
2272, 39
2392, 40
2555, 39
2558, 36
2566, 39
2582, 36
2647, 39
2678, 39
2763, 37
2867, 37
3053, 37
3126, 39
3187, 36
3220, 36
3223, 40
3451, 39
3739, 39
3758, 36
3791, 40
3856, 39
4019, 36
4126, 40
4163, 36
4467, 37
4504, 37
4509, 38
4573, 38
4654, 37
4674, 36
4856, 37
5070, 36
5180, 37
5223, 39
5249, 36
5338, 39
5361, 38
5480, 37
5519, 38
5565, 37
5588, 40
6088, 40
6218, 38
6239, 37
6400, 37
6469, 40
6564, 37
6613, 40
6638, 38
6741, 36
6832, 40
6941, 40
7003, 37
7025, 40
7034, 38
7095, 36
7111, 40
7389, 38
7441, 39
7647, 37
7848, 40
7832, 38
7886, 37
7976, 40
8213, 36
8289, 37
8316, 36
8423, 36
8420, 39
8428, 37
8511, 39
8598, 40
8645, 38
8762, 36
8749, 38
8793, 40
8834, 38
9060, 38
9122, 36
9274, 37
9362, 37
9458, 36
9453, 39
9491, 38
9588, 39
9628, 38
9714, 38
9842, 36
10134, 39
10285, 39
10457, 37
10489, 36
10490, 37
10546, 37
10575, 36
10610, 39
10629, 40
10696, 37
10799, 40
10815, 36
10838, 36
11067, 40
11089, 36
11120, 37
11156, 39
11478, 37
11507, 40
11555, 36
11764, 40
11905, 40
11921, 39
12103, 40
12216, 37
12465, 36
12583, 40
12636, 37
12799, 38
12817, 38
12922, 40
12925, 38
13053, 40
13229, 37
13248, 39
13323, 38
13366, 37
13472, 38
13557, 36
13583, 37
13719, 40
13817, 39
13879, 40
14060, 36
14107, 40
14214, 37
14238, 38
14545, 37
14659, 39
14705, 39
14800, 39
14774, 37
14838, 36
14865, 38
14902, 40
14914, 38
14971, 36
15030, 38
15190, 37
15241, 37
15306, 37
15514, 37
15567, 40
15712, 40
15732, 36
15736, 37
15771, 38
15841, 36
15836, 40
15903, 38
16235, 40
16302, 36
16334, 40
16345, 37
16471, 36
16774, 40
16828, 38
16851, 39
17070, 36
17116, 40
17144, 38
17157, 36
17200, 36
17405, 39
17609, 36
17707, 38
17717, 40
17881, 39
18020, 39
18034, 38
18348, 40
18385, 38
18608, 36
18742, 38
18742, 40
18768, 37
18855, 36
18974, 39
19018, 39
19074, 40
19086, 36
19227, 40
19314, 38
19438, 39
19640, 38
19714, 40
19766, 40
19900, 36
19903, 40
19925, 38
19976, 38
19986, 39
20054, 38
20082, 39
20096, 38
20217, 37
20306, 38
20335, 40
20464, 37
20620, 40
20624, 38
20642, 37
20765, 36
20884, 39
20952, 40
21094, 38
21160, 36
21409, 36
21434, 37
21582, 36
21830, 38
21922, 37
21910, 39
22017, 36
22334, 38
22399, 40
22400, 38
22493, 37
22569, 40
22618, 38
22689, 40
22701, 36
22752, 36
22828, 38
22912, 37
22989, 36
23021, 39
23037, 36
23139, 37
23147, 39
23222, 37
23276, 40
23294, 36
23324, 38
23435, 37
23488, 40
23592, 38
23972, 37
24210, 38
24131, 39
24313, 40
24329, 39
24349, 39
24401, 36
24418, 39
24436, 36
24440, 40
24490, 37
24618, 39
24812, 40
24857, 36
24882, 36
24893, 40
24930, 39
24994, 36
24998, 37
25241, 40
25292, 37
25343, 39
25378, 37
25447, 39
25452, 36
25470, 37
25468, 40
25589, 36
25703, 38
25716, 39
25872, 38
25988, 40
26082, 39
26208, 36
26219, 37
26221, 38
26216, 40
26341, 39
26477, 37
26501, 38
26515, 39
26526, 37
26587, 36
26741, 38
26753, 39
26765, 36
26768, 38
26832, 39
26962, 39
26999, 38
27008, 40
27086, 40
27097, 39
27122, 36
27309, 37
27540, 39
27630, 40
27739, 37
27880, 36
27930, 38
28214, 38
28409, 39
28594, 40
28671, 36
28734, 39
28843, 38
28974, 36
29229, 36
29225, 38
29263, 36
29313, 36
29349, 36
29502, 39
29568, 38
29589, 39
29634, 40
29806, 40
29889, 37
29916, 38
29994, 37
30119, 40
30281, 37
30405, 38
30528, 40
30554, 36
30836, 39
30922, 40
30964, 38
31052, 39
31088, 37
31259, 40
31285, 39
31300, 37
31444, 37
31511, 37
31524, 40
31586, 39
31602, 40
31688, 37
31862, 37
31868, 39
31948, 40
31992, 37
32021, 38
32140, 38
32365, 38
32448, 38
32451, 36
32572, 40
32657, 36
32727, 39
32788, 39
32892, 39
33232, 37
33289, 38
33369, 38
33488, 37
33576, 40
33639, 37
33646, 36
33702, 38
33769, 40
34093, 38
34393, 37
34427, 39
34632, 39
34707, 40
34865, 36
34926, 38
35027, 36
35102, 38
35250, 38
35315, 37
35365, 37
35397, 38
35734, 39
35753, 37
35863, 37
35906, 37
36022, 37
36211, 36
36379, 40
36498, 37
36491, 39
36542, 37
36711, 39
36739, 39
36755, 40
36783, 36
36840, 40
36848, 36
36882, 39
36905, 39
36978, 38
37012, 38
37134, 39
37186, 38
37233, 39
37562, 36
38142, 40
38175, 39
38238, 37
38389, 38
38429, 38
38528, 36
38592, 40
38585, 37
38608, 38
38654, 38
38727, 37
38894, 38
39031, 39
39047, 40
39160, 37
39231, 40
39274, 38
39408, 40
39457, 40
39445, 39
39591, 37
39678, 38
39779, 37
39788, 36
39842, 38
39840, 36
39963, 38
39998, 39
40046, 40
40331, 38
40344, 40
40413, 39
40467, 37
40479, 36
40574, 38
40679, 36
40752, 38
41101, 39
41137, 38
41366, 36
41402, 37
41443, 40
41521, 38
41605, 39
41663, 38
41724, 40
41770, 38
41800, 37
41813, 38
41884, 37
41968, 39
42069, 37
42138, 38
42237, 38
42259, 40
42266, 38
42280, 37
42375, 40
42418, 38
42434, 37
42471, 40
42488, 37
42599, 37
42681, 37
42770, 38
42930, 37
42978, 38
43051, 36
43073, 39
43110, 38
43156, 36
43285, 40
43332, 39
43402, 37
43398, 39
43407, 36
43462, 37
43538, 38
43546, 39
43542, 37
43594, 40
43642, 40
43772, 37
43808, 36
43893, 38
43922, 36
44025, 37
44038, 40
44172, 36
44254, 38
44306, 38
44387, 37
44394, 36
44483, 36
44601, 36
44668, 36
44671, 37
44794, 40
44875, 37
44910, 40
44896, 39
45055, 39
45057, 38
45130, 39
45210, 38
45234, 36
45267, 40
45303, 36
45431, 39
45513, 38
45551, 38
45653, 38
45788, 37
46012, 36
46083, 40
46096, 38
46279, 39
46318, 38
46323, 36
46382, 39
46423, 36
46646, 36
46729, 37
46731, 39
46850, 36
46952, 39
47051, 37
47218, 38
47285, 40
47329, 36
47375, 39
47464, 40
47500, 39
47707, 36
47809, 37
47870, 40
47927, 36
48077, 37
48075, 38
48144, 38
48183, 37
48475, 36
48494, 38
48654, 40
48817, 37
49028, 38
49136, 37
49138, 38
49149, 39
49155, 36
49239, 38
49389, 37
49439, 40
49544, 37
49628, 38
49632, 37
49646, 39
49673, 37
49684, 40
49798, 40
50003, 38
50099, 37
50202, 40
50249, 39
50280, 38
50291, 39
50499, 36
50540, 38
50666, 37
50863, 37
50859, 40
50911, 38
51013, 38
51159, 40
51461, 39
51539, 36
51581, 36
51613, 37
51759, 36
51806, 38
51936, 40
51965, 40
52013, 39
52126, 38
52179, 36
52247, 40
52315, 40
52468, 38
52636, 39
52664, 38
52805, 38
52826, 37
52999, 39
53020, 36
53400, 39
53405, 40
53467, 39
53522, 38
53504, 39
53532, 40
53528, 36
53564, 40
53574, 38
53625, 37
53680, 38
53722, 36
53758, 37
53938, 38
54079, 40
54256, 40
54264, 38
54389, 39
54398, 40
54481, 37
54540, 36
54536, 39
54642, 36
54825, 40
54952, 40
54945, 38
54980, 39
55079, 40
55082, 39
55205, 36
55336, 38
55406, 38
55393, 39
55424, 40
55687, 36
55712, 38
55715, 36
55743, 37
55763, 39
55853, 39
55945, 36
56136, 38
56178, 39
56492, 37
56590, 39
56627, 39
56639, 36
56753, 36
56980, 39
56982, 40
57008, 38
57029, 40
57074, 39
57106, 38
57298, 40
57392, 36
57458, 38
57495, 39
57584, 37
57636, 37
57693, 40
57718, 39
57748, 38
57775, 39
57795, 40
57869, 36
57889, 39
58044, 40
58069, 38
58271, 36
58465, 36
58488, 36
58649, 37
58690, 37
58919, 40
58952, 40
59199, 37
59221, 36
59434, 37
59498, 37
59744, 36
59792, 40
59899, 37
59928, 39
59938, 38
59963, 39
60060, 39
60110, 40
60109, 39
60158, 37
60255, 38
60337, 40
60438, 37
60546, 40
60584, 36
60571, 40
60762, 39
60769, 36
60883, 39
60890, 36
60902, 37
60948, 40
61083, 40
61127, 37
61179, 36
61527, 39
61660, 36
61738, 38
61898, 36
62211, 40
62273, 39
62351, 40
62426, 39
62689, 38
62728, 39
62729, 40
62779, 38
62807, 38
62828, 40
62916, 37
63075, 40
63111, 37
63176, 38
63239, 36
63368, 36
63368, 37
63400, 40
63407, 36
63414, 38
63534, 40
63563, 38
63600, 40
63678, 39
63820, 39
63833, 36
63868, 39
64009, 39
64118, 37
64114, 38
64205, 39
64291, 40
64344, 39
64351, 36
64462, 36
64505, 40
64932, 40
64998, 39
65044, 37
65087, 40
65175, 37
65271, 36
65304, 38
65370, 40
65424, 37
65475, 40
65603, 38
65605, 39
65652, 39
65795, 39
65817, 37
66067, 40
66106, 36
66111, 40
66208, 37
66250, 37
66299, 39
66350, 36
66378, 37
66393, 38
66653, 38
66814, 39
66842, 39
67055, 38
67104, 37
67415, 40
67425, 37
67465, 37
67514, 39
67536, 40
67662, 36
67685, 37
68173, 39
68599, 36
68619, 40
68632, 40
68686, 38
68690, 40
68823, 38
68830, 40
68896, 39
68949, 37
69030, 36
69039, 37
69057, 36
69224, 40
69248, 40
69249, 39
69246, 37
69234, 36
69384, 40
69565, 38
69717, 38
69787, 37
70030, 39
70130, 39
70163, 37
70273, 37
70309, 39
70708, 38
70761, 37
71038, 40
71050, 37
71077, 38
71121, 38
71124, 36
71224, 40
71244, 37
71376, 39
71390, 38
71467, 36
71653, 39
71927, 38
71986, 40
71995, 37
72016, 38
72041, 37
72114, 37
72126, 39
72249, 36
72319, 39
72339, 40
72408, 37
72525, 36
72662, 38
72807, 38
72837, 36
72951, 38
73284, 38
73316, 37
73537, 37
73762, 37
73802, 39
73904, 40
73983, 40
74044, 36
74171, 37
74181, 36
74462, 36
74475, 40
74489, 38
74589, 40
74616, 40
74704, 38
74746, 37
74771, 39
74985, 36
74993, 38
75035, 40
75300, 37
75305, 38
75388, 37
75411, 38
75498, 38
75598, 39
75777, 39
76345, 38
76397, 39
76542, 36
76584, 36
76632, 38
76756, 36
76782, 36
76808, 37
76829, 40
76832, 39
77011, 36
77037, 36
77185, 37
77241, 37
77236, 40
77320, 39
77448, 37
77471, 36
77587, 37
77583, 40
77626, 38
77724, 40
77784, 38
77863, 36
77948, 37
78254, 36
78270, 37
78385, 37
78397, 39
78496, 39
78504, 36
78509, 37
78532, 36
78681, 39
78752, 39
78763, 37
78720, 38
79012, 39
79085, 36
79374, 38
79451, 38
79714, 38
79711, 39
79868, 37
80002, 38
80068, 40
80078, 39
80198, 36
80209, 39
80341, 36
80341, 39
80425, 36
80555, 40
80561, 36
80593, 40
80596, 38
80612, 37
80634, 40
80685, 38
80722, 39
80759, 39
80822, 38
81011, 36
81028, 39
81135, 36
81186, 36
81497, 38
81693, 37
81870, 37
81905, 40
82024, 37
82032, 39
82131, 36
82300, 38
82397, 37
82437, 36
82449, 38
82492, 39
82692, 36
82785, 36
83050, 38
83098, 40
83105, 39
83354, 39
83391, 39
83545, 37
83631, 38
83726, 36
83884, 37
84121, 39
84142, 36
84139, 37
84202, 38
84364, 36
84537, 37
84578, 37
84654, 38
84657, 36
84761, 40
84766, 38
84780, 40
84872, 38
84895, 37
84955, 36
84977, 40
85022, 39
85074, 40
85490, 37
85514, 40
85563, 39
85627, 36
85744, 39
85819, 36
85822, 38
85854, 36
86071, 40
86169, 38
86178, 39
86215, 40
86249, 40
86335, 40
86353, 37
86377, 39
86516, 39
86650, 40
86844, 39
87015, 37
87127, 40
87166, 36
87173, 39
87234, 38
87423, 39
87428, 37
87532, 36
87622, 36
87627, 38
87781, 37
87809, 38
87904, 37
88024, 40
88028, 38
88109, 37
88369, 37
88384, 40
88379, 39
88403, 37
88412, 40
88459, 38
88544, 38
88601, 37
88677, 38
88717, 36
88725, 38
88731, 40
88746, 37
88899, 39
88906, 37
88918, 39
88967, 39
89017, 39
89028, 40
89084, 40
89116, 37
89131, 40
89219, 36
89248, 37
89257, 40
89306, 40
89335, 38
89626, 40
89653, 37
89837, 40
89952, 36
89958, 40
90233, 38
90279, 36
90295, 39
90362, 37
90427, 38
90719, 39
90738, 37
90737, 38
90767, 38
90947, 36
90959, 38
91016, 40
91207, 40
91258, 38
91275, 40
91316, 36
91350, 38
91396, 39
91415, 37
91435, 36
91523, 36
91597, 40
91618, 37
91710, 36
91734, 40
91805, 38
91955, 40
92016, 36
92095, 39
92135, 40
92141, 39
92241, 37
92264, 38
92389, 40
92430, 40
92441, 38
92813, 36
92810, 38
92867, 39
92880, 36
92934, 40
92960, 38
92971, 39
93058, 37
93129, 37
93184, 39
93182, 38
93404, 37
93523, 40
93506, 38
93569, 36
93641, 36
93721, 39
93702, 40
93797, 38
93794, 40
93812, 36
93928, 36
93959, 40
94174, 40
94200, 40
94332, 37
94413, 37
94441, 36
94466, 36
94597, 39
94604, 40
94611, 37
94607, 36
94639, 40
94688, 39
94769, 36
94869, 40
94964, 37
94979, 39
95032, 36
95193, 37
95373, 39
95427, 39
95462, 38
95489, 37
95617, 38
95641, 39
95705, 38
95710, 39
95902, 39
95980, 36
95994, 38
95994, 40
96050, 37
96192, 38
96199, 36
96295, 37
96383, 36
96424, 36
96475, 36
96517, 38
96534, 37
96900, 36
96931, 38
96995, 39
97041, 37
97074, 38
97216, 39
97249, 36
97441, 40
97450, 37
97621, 40
97806, 39
97829, 38
97911, 38
98027, 38
98067, 36
98451, 36
98478, 39
98477, 40
98508, 39
98568, 37
98582, 38
98932, 36
98966, 36
99066, 37
99234, 38
99252, 37
99373, 37
99459, 39
99691, 38
99730, 40
99790, 36
99858, 40
99908, 38
100041, 36
100096, 38
100458, 38
100557, 38
100586, 37
100626, 36
100801, 38
100838, 36
100865, 37
100869, 39
100884, 37
101031, 36
101030, 40
101218, 36
101264, 39
101393, 37
101459, 36
101529, 40
101567, 39
101659, 36
101688, 40
101776, 36
101902, 39
102036, 38
102044, 36
102163, 40
102171, 39
102319, 40
102342, 36
102385, 38
102552, 37
102573, 40
102711, 37
102713, 38
102884, 37
102977, 38
103060, 40
103152, 39
103238, 39
103268, 36
103311, 38
103557, 36
103583, 40
103599, 37
103635, 39
103699, 36
103780, 39
103804, 36
103883, 39
103879, 38
103922, 37
104023, 36
104055, 40
104174, 38
104307, 36
104319, 37
104412, 37
104415, 39
104557, 37
104596, 36
104742, 38
104915, 36
104972, 39
105034, 36
105077, 36
105215, 36
105226, 40
105252, 36
105338, 40
105408, 36
105418, 39
105568, 38
105610, 39
105656, 38
105795, 39
105963, 38
105985, 40
106039, 38
106044, 37
106091, 37
106224, 36
106224, 40
106437, 36
106450, 37
106528, 36
106554, 38
106730, 38
106791, 39
107032, 37
107060, 36
107108, 38
107125, 40
107190, 39
107226, 38
107412, 37
107460, 39
107476, 36
107658, 40
107752, 40
107878, 38
107984, 36
108140, 40
108199, 40
108207, 37
108322, 36
108477, 36
108510, 37
108567, 36
108726, 36
108863, 37
109048, 37
109136, 37
109146, 38
109243, 37
109294, 39
109376, 40
109416, 38
109500, 36
109500, 37
109577, 36
109617, 38
109652, 38
109677, 39
109762, 37
109811, 38
109903, 36
110097, 39
110238, 39
110640, 40
110692, 39
110735, 36
111219, 36
111267, 38
111272, 40
111341, 36
111362, 38
111446, 39
111498, 36
111548, 39
111553, 37
111641, 38
111683, 39
111753, 38
111780, 38
111789, 40
111951, 37
112032, 39
112262, 36
112303, 38
112344, 36
112439, 38
112516, 40
112649, 39
112731, 40
112757, 36
112769, 40
112841, 38
112908, 37
113096, 38
113232, 37
113389, 39
113428, 39
113543, 36
113569, 40
113627, 38
113801, 37
113856, 40
113927, 36
113942, 38
114055, 39
114070, 38
114077, 37
114209, 36
114250, 36
114272, 38
114307, 38
114343, 40
114382, 36
114433, 39
114530, 38
114611, 38
114814, 40
114977, 39
115005, 36
115090, 37
115151, 38
115177, 39
115381, 38
115425, 38
115542, 39
115565, 38
115674, 37
115829, 36
116034, 38
116388, 38
116413, 40
116541, 38
116587, 39
116644, 36
116763, 39
116999, 38
117054, 39
117070, 37
117248, 37
117274, 40
117487, 39
117619, 40
117705, 38
117807, 40
117902, 39
118001, 39
118001, 38
118032, 40
118642, 38
118795, 36
118794, 39
118845, 39
118856, 40
118922, 36
118945, 36
118991, 37
119028, 40
119205, 38
119344, 37
119359, 38
119542, 40
119630, 37
119823, 40
119841, 40
119991, 40
120215, 37
120296, 38
120294, 40
120310, 36
120350, 39
120399, 38
120393, 39
120684, 36
120679, 38
120718, 40
120730, 36
120796, 38
120943, 36
121046, 38
121253, 37
121376, 37
121424, 36
121442, 40
121553, 39
121706, 38
121959, 40
122092, 39
122161, 40
122236, 38
122365, 37
122379, 38
122528, 36
122675, 40
122771, 36
122921, 36
122934, 38
122935, 39
123074, 37
123105, 37
123210, 37
123239, 40
123358, 39
123413, 40
123416, 39
123456, 40
123570, 40
123746, 37
123837, 36
123866, 36
124044, 37
124068, 37
124169, 39
124321, 36
124339, 38
124499, 39
124844, 39
124967, 36
125122, 36
125180, 39
125410, 40
125436, 38
125567, 37
125650, 39
125661, 40
125677, 37
125700, 38
125793, 36
125882, 37
125934, 36
126064, 39
126115, 40
126236, 37
126308, 40
126333, 37
126421, 39
126576, 38
126657, 40
126672, 39
126709, 38
126906, 39
127227, 36
127283, 39
127321, 36
127542, 38
127607, 37
127659, 37
127728, 40
127831, 38
127856, 40
127857, 39
127888, 40
127950, 37
128017, 40
128112, 36
128125, 38
128183, 39
128226, 38
128344, 40
128449, 39
128566, 38
128587, 39
128661, 36
128677, 40
128717, 38
128756, 38
128811, 36
128821, 38
128818, 40
128991, 37
129092, 38
129125, 36
129145, 39
129144, 40
129207, 39
129258, 36
129355, 38
129375, 40
129505, 36
129522, 38
129797, 38
129886, 37
130103, 38
130304, 36
130336, 36
130393, 37
130472, 40
130562, 36
130734, 40
130757, 36
130801, 37
131006, 36
131120, 40
131144, 40
131161, 38
131202, 39
131210, 37
131323, 40
131417, 39
131664, 39
131770, 40
131883, 38
131918, 37
131927, 40
132115, 38
132413, 39
132510, 37
132665, 38
132761, 38
132770, 39
132794, 37
132856, 36
132869, 39
132927, 40
132974, 36
133064, 38
133190, 40
133264, 38
133286, 37
133430, 37
133452, 38
133583, 39
133645, 37
133761, 39
133918, 39
134047, 36
134229, 36
134298, 37
134390, 40
134419, 40
134588, 40
134679, 40
134712, 36
134720, 39
134719, 38
134935, 39
135199, 36
135262, 40
135280, 39
135294, 37
135409, 39
135444, 40
135769, 37
136048, 38
136084, 37
136192, 40
136204, 36
136196, 39
136227, 40
136534, 39
136689, 40
136857, 37
136886, 40
136921, 38
136987, 36
137211, 39
137253, 36
137367, 39
137468, 36
137463, 40
137494, 37
137566, 40
137589, 40
137655, 38
137841, 39
137878, 37
137900, 39
138067, 37
138127, 36
138173, 40
138242, 38
138315, 37
138371, 39
138607, 37
138618, 38
138623, 36
138690, 37
138846, 40
138927, 38
139080, 40
139132, 38
139154, 36
139315, 40
139389, 37
139651, 38
139799, 38
139792, 40
139855, 36
139911, 39
139930, 40
139951, 39
140180, 39
140191, 36
140394, 38
140423, 38
140434, 36
140459, 38
140495, 38
140525, 37
140580, 38
140585, 39
140725, 38
140764, 39
141081, 37
141093, 36
141126, 39
141354, 37
141476, 40
141561, 36
141601, 38
141642, 39
141763, 38
141810, 38
141819, 36
141932, 39
142038, 36
142342, 37
142451, 38
142475, 38
142498, 39
142597, 39
142787, 36
142796, 38
142824, 40
142875, 40
142998, 38
143018, 39
143034, 40
143300, 38
143544, 39
143712, 37
143747, 40
143812, 36
143883, 37
143877, 39
143931, 39
144007, 37
144097, 38
144105, 37
144123, 36
144106, 40
144263, 37
144355, 40
144482, 37
144621, 36
144661, 40
144754, 37
144808, 37
144903, 36
144951, 36
144995, 38
145052, 39
145072, 38
145065, 37
145171, 36
145333, 36
145339, 40
145377, 39
145681, 37
145691, 38
145701, 40
145710, 38
145762, 37
145767, 38
145791, 38
145880, 38
146035, 36
146085, 39
146230, 36
146233, 38
146334, 39
146368, 39
146430, 36
146582, 40
146602, 37
146604, 39
146711, 37
146861, 38
147025, 38
147194, 39
147298, 37
147475, 38
147522, 38
147687, 36
147782, 37
147851, 40
147859, 39
147948, 36
148005, 36
148043, 37
148121, 40
148185, 40
148244, 36
148297, 36
148443, 38
148663, 37
148668, 36
148849, 37
148927, 36
148958, 38
148961, 37
149034, 39
149110, 39
149141, 36
149214, 38
149186, 40
149266, 38
149448, 37
149460, 40
149483, 36
149640, 36
149696, 39
149807, 39
149827, 38
149901, 37
149999, 39
150121, 36
150197, 40
150215, 36
150233, 39
150326, 36
150333, 37
150374, 38
150425, 39
150509, 37
150593, 38
150805, 37
150841, 38
150945, 40
151045, 38
151076, 37
151082, 40
151151, 36
151134, 38
151157, 37
151224, 40
151233, 39
151272, 40
151598, 38
151608, 37
152096, 37
152210, 39
152224, 40
152477, 38
152582, 38
152614, 39
153017, 37
153102, 40
153211, 39
153568, 37
153576, 39
153598, 38
153613, 36
153598, 37
153797, 39
153874, 37
153894, 39
153991, 38
154008, 40
154262, 36
154350, 36
154377, 38
154476, 36
154489, 37
154619, 39
154646, 40
154682, 40
154742, 37
154739, 38
154843, 38
154873, 40
154898, 39
154899, 40
155032, 38
155051, 39
155100, 36
155161, 39
155175, 37
155202, 38
155391, 37
155500, 37
155514, 40
155645, 36
155977, 37
156064, 37
156327, 37
156363, 37
156465, 39
156487, 37
156545, 40
156566, 37
156588, 39
156690, 37
156747, 40
156779, 36
156915, 40
156959, 37
157058, 40
157372, 36
157408, 36
157604, 38
157779, 36
157779, 39
157942, 36
157963, 40
158002, 38
158198, 36
158224, 37
158260, 37
158297, 36
158296, 38
158319, 40
158425, 39
158602, 38
158801, 39
158871, 38
158904, 39
159025, 38
159102, 38
159128, 36
159130, 40
159169, 39
159423, 40
159503, 37
159594, 36
159639, 38
159672, 37
159675, 38
159765, 38
159811, 38
159821, 39
160007, 38
160035, 37
160081, 36
160134, 37
160165, 39
160181, 36
160274, 39
160303, 39
160554, 36
160611, 40
160701, 38
160715, 37
160791, 39
160801, 38
160857, 38
160910, 40
160940, 37
161413, 36
161428, 37
161485, 37
161554, 36
161558, 40
161577, 37
161596, 36
161874, 36
161962, 36
162090, 40
162208, 40
162362, 37
162368, 36
162536, 39
162764, 37
162787, 37
162941, 36
163102, 39
163356, 36
163371, 40
163448, 36
163569, 38
163678, 39
163717, 38
163741, 38
163853, 40
163924, 38
164045, 37
164092, 38
164138, 37
164148, 36
164147, 39
164175, 37
164248, 36
164275, 37
164381, 40
164615, 37
164805, 38
164832, 40
164885, 37
164941, 39
165056, 39
165081, 39
165127, 40
165245, 38
165270, 39
165458, 37
165497, 36
165536, 38
165537, 40
165569, 39
165600, 36
165610, 37
165818, 40
165895, 39
165940, 36
165950, 38
166359, 38
166393, 38
166456, 39
166737, 36
166760, 39
166917, 36
166995, 37
167024, 36
167202, 36
167282, 40
167288, 39
167304, 36
167357, 39
167452, 40
167490, 40
167521, 36
167763, 39
167854, 39
167896, 37
168014, 36
168032, 39
168211, 36
168228, 38
168242, 36
168338, 36
168360, 37
168416, 40
168436, 38
168505, 37
168658, 38
168727, 37
168955, 36
169013, 37
169126, 37
169172, 37
169239, 39
169443, 36
169520, 38
169546, 40
169666, 36
169711, 36
169850, 36
169913, 40
169975, 39
170066, 38
170105, 37
170133, 36
170193, 39
170219, 38
170246, 37
170252, 36
170302, 37
170305, 40
170371, 38
170544, 39
170571, 40
170586, 38
170605, 40
170657, 36
170705, 36
170748, 37
170950, 39
170976, 40
171320, 39
171355, 36
171366, 39
171370, 40
171414, 40
171478, 40
171515, 38
171592, 40
171706, 36
171728, 36
171734, 37
171890, 39
171930, 37
171971, 40
172044, 36
172074, 40
172098, 38
172178, 40
172179, 39
172280, 40
172358, 39
172659, 39
172966, 38
173063, 38
173116, 40
173233, 38
173301, 37
173468, 36
173695, 40
173837, 39
174222, 38
174334, 38
174349, 40
174550, 40
174585, 40
174626, 38
174973, 39
174986, 38
174995, 40
175016, 37
175094, 38
175143, 36
175188, 38
175226, 37
175291, 40
175336, 39
175388, 38
175439, 38
175835, 36
175842, 40
175866, 37
175975, 40
176036, 36
176116, 40
176239, 39
176538, 38
176642, 40
176685, 39
176801, 39
176833, 36
176839, 39
176906, 37
176997, 36
177005, 38
177008, 37
177031, 40
177078, 39
177176, 39
177356, 39
177386, 39
177397, 38
177443, 37
177448, 38
177473, 39
177485, 36
177490, 37
177655, 38
177766, 39
177858, 40
177977, 38
177979, 40
178026, 40
178165, 40
178213, 37
178344, 40
178540, 36
178847, 40
178913, 36
178946, 36
178945, 39
179012, 39
179044, 40
179196, 39
179247, 39
179266, 37
179273, 40
179308, 36
179327, 38
179358, 38
179525, 37
179571, 37
179780, 37
179823, 36
179880, 37
179892, 36
179927, 39
180043, 37
180043, 36
180048, 38
180088, 36
180107, 40
180143, 36
180263, 37
180289, 39
180371, 37
180413, 36
180604, 36
180624, 39
180683, 40
180717, 37
180806, 36
180984, 38
181095, 39
181165, 38
181251, 40
181266, 38
181287, 39
181567, 36
181604, 40
181770, 37
181880, 39
182183, 38
182242, 36
182361, 38
182374, 37
182418, 39
182417, 37
182464, 40
182471, 38
182634, 38
182721, 40
182789, 38
182850, 36
182884, 37
182969, 39
183037, 36
183127, 36
183124, 38
183281, 38
183478, 40
183652, 36
183657, 37
183767, 37
183897, 36
183978, 38
184118, 37
184161, 37
184292, 40
184336, 38
184389, 40
184493, 39
184513, 40
184523, 39
184586, 37
184678, 37
184709, 36
184761, 38
184814, 37
184817, 39
184960, 39
184966, 36
184980, 37
185023, 37
185129, 38
185174, 39
185200, 36
185294, 37
185322, 39
185402, 39
185458, 37
185584, 40
185946, 38
186054, 40
186125, 38
186124, 36
186229, 36
186258, 40
186355, 40
186386, 40
186415, 39
186431, 37
186445, 36
186577, 38
186611, 36
186853, 37
186878, 38
186897, 37
186891, 36
186932, 39
186972, 38
187007, 36
186994, 37
187122, 39
187166, 40
187324, 36
187441, 37
187586, 36
187698, 40
187701, 38
187773, 36
187805, 37
187824, 39
187831, 38
188074, 39
188298, 39
188348, 39
188351, 38
188501, 37
188626, 36
188632, 40
188702, 39
188736, 36
189001, 36
189069, 37
189106, 39
189283, 40
189355, 36
189369, 40
189382, 39
189480, 40
189568, 37
189662, 37
189727, 36
189764, 39
189828, 37
189934, 39
189942, 38
190067, 40
190202, 40
190291, 37
190342, 36
190502, 38
190550, 38
190599, 40
190598, 39
190637, 38
190820, 36
190853, 39
191201, 36
191305, 40
191471, 37
191630, 39
191809, 38
191857, 39
191909, 40
191943, 37
192091, 36
192250, 39
192406, 38
192433, 37
192450, 40
192465, 36
192498, 40
192638, 38
192674, 39
192702, 39
192767, 39
192897, 37
192988, 38
193038, 40
193135, 37
193155, 40
193154, 39
193239, 37
193271, 37
193280, 36
193503, 40
193609, 36
193683, 37
193716, 39
193774, 38
193884, 38
193970, 37
194010, 38
194185, 36
194186, 37
194258, 38
194344, 39
194650, 38
194850, 37
194882, 40
194937, 38
195037, 36
195266, 39
195581, 39
195693, 40
195728, 39
195724, 40
195902, 36
196036, 38
196069, 39
196220, 37
196229, 39
196241, 36
196249, 40
196424, 36
196529, 39
196534, 40
196609, 38
196634, 39
196668, 36
196671, 40
196746, 39
196814, 38
196885, 38
196895, 40
196919, 38
196926, 36
197020, 39
197131, 38
197141, 37
197151, 39
197339, 40
197454, 40
197461, 39
197615, 37
197642, 40
197688, 37
197862, 38
197911, 38
197977, 36
198204, 38
198227, 39
198341, 36
198350, 40
198372, 37
198484, 37
198554, 36
198729, 37
198829, 40
198864, 39
198937, 38
199033, 36
199148, 38
199240, 40
199367, 36
199378, 38
199417, 40
199656, 38
199818, 40
199922, 38
200139, 39
200207, 38
200214, 37
200253, 36
200497, 40
200559, 39
200662, 38
200680, 39
200766, 37
200849, 36
200871, 39
200954, 37
200955, 38
201181, 40
201208, 37
201252, 37
201372, 38
201390, 40
201480, 36
201522, 36
201743, 38
202131, 37
202139, 38
202132, 40
202200, 36
202219, 39
202287, 36
202391, 40
202480, 38
202545, 36
202672, 39
203115, 36
203168, 39
203200, 37
203272, 38
203464, 36
203580, 39
203597, 40
203644, 36
203742, 38
203777, 38
203817, 36
203972, 37
203992, 36
204034, 40
204114, 38
204140, 36
204519, 36
204598, 38
204608, 37
204717, 38
204721, 40
204809, 38
204872, 37
204992, 38
205049, 39
205073, 36
205106, 38
205119, 37
205181, 40
205378, 36
205726, 37
205894, 40
205916, 38
206072, 38
206257, 37
206278, 36
206334, 39
206524, 36
206535, 37
206534, 40
206692, 39
206703, 36
206724, 39
206741, 36
206826, 40
206942, 38
206940, 39
206984, 37
206998, 36
207184, 39
207291, 36
207325, 40
207502, 37
207763, 39
207791, 36
207837, 38
207943, 38
208053, 39
208101, 36
208227, 38
208296, 37
208368, 39
208415, 37
208416, 40
208428, 39
208451, 37
208484, 36
208723, 38
208745, 39
208907, 39
208980, 36
209188, 36
209195, 39
209225, 36
209230, 40
209275, 37
209614, 40
209716, 38
209885, 36
210060, 38
210085, 37
210249, 36
210371, 38
210466, 39
210748, 38
210854, 37
210904, 37
210920, 40
210947, 39
211185, 38
211301, 36
211298, 38
211345, 39
211362, 37
211397, 38
211426, 36
211531, 40
211552, 39
211592, 38
211632, 36
211759, 39
211795, 37
211916, 37
211967, 36
212051, 37
212206, 40
212231, 38
212256, 38
212294, 36
212673, 40
212706, 39
212725, 40
212751, 37
212874, 39
212881, 37
212886, 40
212930, 37
213003, 36
213085, 38
213077, 39
213100, 36
213248, 36
213276, 39
213376, 38
213418, 38
213463, 40
213500, 40
213552, 39
213590, 38
213589, 39
213581, 37
213583, 40
213619, 38
213640, 36
213897, 40
213896, 38
214011, 39
214053, 37
214092, 40
214394, 39
214516, 36
214536, 38
214553, 36
214580, 37
214644, 36
214661, 38
214757, 39
214781, 36
214941, 37
215018, 40
215093, 39
215144, 40
215238, 40
215278, 38
215329, 38
215446, 38
215681, 38
215751, 37
215862, 37
215894, 39
215969, 36
216117, 39
216121, 40
216363, 39
216412, 39
216536, 37
216588, 36
216673, 38
216726, 36
216762, 37
216860, 40
217018, 38
217356, 37
217446, 37
217477, 37
217519, 40
217573, 36
217664, 38
217772, 36
217841, 37
217949, 38
218067, 39
218112, 37
218129, 40
218237, 36
218279, 38
218381, 39
218444, 40
218527, 39
218557, 37
218560, 40
218709, 37
218746, 40
218795, 37
218863, 38
218878, 40
218943, 40
218986, 36
219039, 38
219141, 40
219312, 39
219362, 37
219516, 40
219625, 40
219719, 36
219956, 37
220005, 40
220207, 40
220437, 37
220743, 37
220814, 36
220844, 39
220941, 40
220983, 38
221058, 36
221068, 37
221315, 36
221419, 36
221426, 39
221491, 36
221604, 37
221605, 40
222077, 40
222134, 38
222173, 38
222194, 40
222330, 36
222510, 39
222526, 36
222957, 37
223001, 39
223009, 36
222994, 37
223052, 40
223150, 38
223204, 40
223336, 40
223472, 37
223519, 39
223584, 36
223622, 40
223721, 40
223787, 39
223904, 39
223991, 38
224005, 37
224081, 40
224104, 37
224118, 36
224214, 40
224235, 37
224352, 38
224404, 37
224619, 37
224622, 39
224762, 38
224791, 39
224797, 40
225117, 38
225170, 37
225183, 36
225195, 39
225230, 36
225244, 39
225297, 39
225406, 40
225410, 37
225467, 38
225490, 39
225673, 36
225705, 38
225717, 36
225771, 36
226235, 37
226313, 39
226336, 39
226379, 38
226414, 37
226432, 39
226459, 37
226590, 36
226620, 38
226617, 39
226703, 38
226771, 36
226885, 38
226880, 37
226907, 36
227043, 39
227093, 38
227127, 40
227288, 40
227277, 39
227410, 39
227596, 39
227799, 39
227898, 38
227920, 37
228028, 38
228035, 40
228193, 37
228356, 37
228418, 38
228445, 40
228463, 37
228544, 40
228557, 37
228583, 38
228572, 40
228796, 39
228842, 39
228864, 38
228948, 39
228980, 40
229070, 38
229081, 40
229172, 40
229237, 38
229238, 40
229380, 36
229402, 38
229458, 40
230227, 38
230231, 39
230232, 36
230276, 38
230387, 38
230436, 37
230549, 36
230712, 36
230716, 39
230768, 37
230837, 39
230921, 38
230950, 36
231125, 40
231213, 38
231223, 37
231265, 36
231366, 39
231410, 39
231421, 40
231445, 38
231447, 39
231516, 36
231594, 40
231593, 39
231652, 36
231669, 38
231749, 39
231812, 40
232090, 37
232149, 40
232200, 39
232313, 39
232527, 37
232657, 36
232727, 39
232763, 38
232836, 39
232995, 37
233015, 38
233217, 36
233223, 39
233281, 38
233303, 38
233417, 39
233479, 39
233481, 38
233466, 37
233609, 37
233742, 39
233781, 38
233794, 40
233905, 40
233999, 36
234043, 36
234121, 36
234215, 38
234282, 37
234293, 36
234350, 38
234391, 39
234459, 38
234482, 36
234529, 40
234580, 38
234623, 40
235052, 39
235059, 38
235093, 36
235127, 39
235239, 39
235333, 36
235368, 40
235435, 39
235548, 40
235599, 38
235640, 36
235672, 37
235735, 39
235761, 40
235804, 40
235857, 38
235931, 36
235939, 40
235977, 36
236001, 39
236066, 36
236154, 39
236355, 36
236470, 38
236533, 37
236596, 39
236690, 36
236714, 37
236717, 39
236722, 36
236787, 37
236952, 39
236972, 37
237248, 40
237321, 38
237504, 36
237513, 37
237606, 39
237696, 36
237875, 36
237993, 40
238102, 40
238130, 37
238161, 38
238260, 40
238294, 38
238301, 39
238422, 39
238427, 37
238511, 36
238625, 40
238846, 37
239020, 36
239175, 40
239351, 37
239564, 40
239576, 39
239743, 40
239741, 37
239836, 36
239927, 36
239981, 37
240042, 36
240117, 36
240204, 39
240373, 40
240385, 38
240411, 37
240551, 39
240794, 40
240830, 36
240853, 37
240895, 36
240908, 39
241072, 36
241178, 39
241331, 39
241384, 36
241402, 37
241385, 40
241458, 36
241574, 38
241598, 36
241705, 37
241924, 38
242126, 39
242229, 36
242297, 39
242370, 38
242460, 37
242520, 39
242674, 38
242891, 37
242932, 39
242935, 37
243030, 36
243138, 40
243133, 39
243143, 38
243269, 37
243299, 39
243420, 39
243427, 38
243436, 36
243484, 36
243536, 38
243562, 39
243590, 36
243600, 37
243674, 36
243697, 37
243778, 37
243793, 39
243813, 36
243834, 38
243958, 40
243998, 38
244087, 38
244085, 37
244141, 39
244172, 39
244185, 37
244400, 39
244689, 38
244684, 40
244808, 36
244836, 38
244872, 39
244934, 36
244988, 37
245012, 39
245016, 38
245036, 37
245076, 36
245284, 39
245387, 38
245429, 40
245500, 39
245677, 36
245721, 39
245742, 37
245830, 39
245878, 40
246046, 37
246126, 39
246181, 38
246225, 38
246308, 38
246315, 39
246338, 36
246353, 40
246557, 36
246584, 37
246883, 36
246911, 38
246917, 37
246959, 37
247051, 37
247090, 37
247108, 36
247283, 38
247317, 36
247332, 38
247397, 39
247532, 36
247557, 37
247622, 36
247832, 40
247843, 36
247884, 36
247889, 39
248011, 38
248241, 36
248473, 39
248633, 36
248708, 37
248720, 38
248920, 38
248965, 39
249056, 40
249066, 38
249140, 37
249181, 36
249184, 37
249196, 40
249507, 40
249540, 40
249553, 39
249608, 37
249623, 38
249658, 40
249805, 36
249888, 38
249928, 38
250124, 37
250221, 37
250328, 38
250411, 36
250522, 38
250615, 38
250749, 39
250995, 40
251029, 38
251048, 36
251121, 39
251121, 38
251167, 38
251184, 36
251275, 39
251276, 40
251282, 37
251322, 40
251349, 39
251480, 37
251570, 36
251618, 39
251797, 38
251816, 40
251830, 39
251845, 38
251853, 40
251857, 39
251860, 37
251956, 38
251981, 40
252018, 37
252158, 37
252334, 38
252361, 38
252378, 39
252480, 36
252487, 39
252488, 38
252517, 40
252551, 37
252573, 36
252619, 38
252698, 37
252922, 36
252958, 36
252979, 40
253029, 40
253054, 36
253072, 37
253170, 36
253204, 38
253328, 37
253383, 39
253427, 37
253468, 37
253612, 40
253718, 39
253841, 38
253907, 36
253999, 38
254093, 39
254168, 40
254299, 40
254468, 38
254509, 40
255029, 37
255288, 37
255406, 40
255419, 37
255434, 38
255725, 40
255899, 38
255920, 36
255957, 36
256048, 36
256104, 38
256205, 38
256228, 36
256241, 39
256337, 37
256392, 38
256462, 39
256460, 40
256494, 38
256615, 38
256707, 36
256726, 40
256764, 39
256777, 38
256863, 39
256911, 36
257050, 38
257073, 36
257082, 40
257078, 37
257248, 38
257516, 37
257612, 37
257654, 38
257734, 40
257798, 37
257861, 39
257899, 37
258132, 40
258238, 36
258350, 39
258498, 39
258557, 40
258590, 39
258607, 40
258644, 37
258831, 40
258895, 38
258935, 39
259089, 39
259157, 38
259353, 37
259380, 36
259488, 40
259587, 39
259676, 39
259697, 36
259737, 36
259755, 37
259807, 38
259950, 37
260094, 40
260305, 38
260392, 38
260484, 38
260521, 36
260522, 40
260597, 37
260602, 36
260622, 40
260757, 36
260851, 36
260885, 37
260895, 36
261031, 38
261084, 40
261187, 39
261214, 38
261308, 39
261336, 37
261599, 38
261660, 37
261731, 36
261733, 40
261807, 37
262216, 37
262269, 38
262249, 40
262342, 37
262372, 36
262465, 38
262466, 39
262502, 39
262587, 37
262642, 36
262714, 39
262717, 37
262862, 40
262870, 36
262895, 37
262924, 37
262999, 38
263097, 40
263267, 39
263328, 38
263420, 40
263604, 37
263627, 39
263724, 38
263767, 39
263843, 37
263949, 38
264184, 39
264199, 36
264250, 40
264299, 36
264439, 37
264446, 39
264445, 40
264566, 36
264566, 40
264610, 39
264738, 37
264868, 38
264902, 39
265037, 39
265042, 40
265072, 36
265115, 38
265240, 39
265333, 38
265480, 38
265571, 36
266001, 39
266140, 37
266233, 36
266237, 37
266270, 36
266365, 37
266496, 40
266546, 37
266590, 37
266744, 40
266796, 37
266991, 36
267028, 39
267144, 40
267170, 40
267231, 39
267288, 36
267365, 38
267395, 39
267411, 38
267501, 40
267507, 39
267589, 38
267655, 39
267671, 37
267716, 38
267826, 37
267935, 37
268108, 39
268131, 37
268120, 36
268185, 38
268290, 39
268331, 38
268629, 39
268678, 40
268734, 36
268774, 38
268765, 36
268830, 39
268967, 37
269013, 36
269087, 40
269131, 40
269186, 37
269210, 38
269302, 40
269307, 38
269489, 37
269572, 37
269611, 38
269675, 39
269715, 37
269731, 38
269784, 36
270172, 39
270216, 39
270258, 37
270356, 40
270352, 36
270382, 40
270410, 39
270716, 39
270919, 38
270987, 37
271001, 38
271039, 40
271178, 36
271280, 36
271407, 38
271463, 39
271516, 39
271650, 38
271961, 38
272069, 38
272386, 37
272590, 37
272636, 37
272655, 39
272688, 36
272698, 40
272893, 36
272964, 40
273190, 39
273212, 38
273301, 37
273324, 39
273340, 36
273359, 40
273437, 38
273498, 38
273528, 37
273564, 37
273682, 39
273707, 39
273762, 39
273786, 37
273806, 39
273871, 38
273930, 36
273975, 38
274113, 36
274228, 40
274236, 38
274340, 39
274443, 36
274536, 39
274586, 39
274609, 37
274705, 37
274922, 40
274955, 37
274968, 36
274990, 39
275006, 36
275022, 39
275087, 38
275084, 39
275173, 40
275198, 38
275270, 37
275304, 36
275300, 40
275609, 38
275643, 37
275687, 37
275679, 40
275691, 39
275796, 39
275821, 40
275884, 40
275888, 38
275953, 37
275953, 39
275989, 38
275990, 40
276041, 37
276118, 36
276213, 36
276222, 37
276321, 37
276330, 36
276390, 38
276453, 40
276463, 38
276558, 39
276712, 37
276779, 38
277121, 39
277215, 39
277223, 40
277276, 36
277349, 40
277603, 36
277695, 37
277777, 36
277876, 36
278000, 39
278032, 36
278180, 37
278214, 39
278226, 36
278501, 36
278539, 37
278706, 38
278800, 36
279249, 36
279310, 36
279364, 40
279368, 39
279497, 37
279673, 39
279892, 36
279970, 37
279982, 39
279998, 38
280058, 40
280081, 39
280245, 37
281021, 40
281053, 40
281107, 38
281235, 38
281250, 39
281390, 36
281550, 40
281561, 38
281576, 36
281685, 36
281783, 36
281837, 38
281952, 36
282056, 36
282059, 38
282135, 36
282521, 38
282625, 39
282636, 36
282746, 37
282771, 37
282847, 36
282919, 38
283021, 38
283232, 39
283253, 36
283323, 39
283344, 38
283390, 38
283516, 39
283521, 36
283540, 39
283593, 40
283620, 36
283713, 37
283767, 36
283757, 37
283894, 37
283916, 40
283930, 39
283956, 36
283987, 36
284021, 40
284450, 40
284476, 39
284494, 40
284535, 36
284557, 39
284786, 38
284816, 38
284856, 37
284879, 39
284888, 40
284968, 37
284970, 39
285054, 36
285093, 37
285187, 37
285303, 38
285354, 40
285468, 36
285513, 40
285616, 40
285718, 37
286007, 38
286141, 37
286208, 38
286232, 40
286329, 36
286614, 36
286633, 39
286784, 39
286801, 38
286830, 39
287099, 36
287446, 40
287469, 36
287578, 40
287624, 39
287637, 38
287710, 40
287765, 37
287964, 39
288024, 37
288242, 39
288269, 40
288284, 37
288446, 38
288598, 38
288680, 36
288874, 37
288986, 39
289080, 40
289193, 36
289319, 40
289457, 36
289598, 36
289602, 37
289665, 37
289676, 38
289778, 36
289798, 38
289815, 40
289872, 40
289933, 40
289964, 36
290064, 37
290178, 39
290181, 37
290203, 36
290253, 36
290282, 37
290293, 36
290305, 37
290365, 39
290385, 38
290474, 36
290648, 37
290665, 40
